ID,V1,V2,V3,V4,V5,V6,Income,Mall.Visits
1,6,4,7,3,2,3,60000.0,3
2,2,3,1,4,5,4,30000.0,1
3,7,2,6,4,1,3,70000.0,3
4,4,6,4,5,3,6,30000.0,7
5,1,3,2,2,6,4,60000.0,1
6,6,4,6,3,3,4,50000.0,2
7,5,3,6,3,3,4,65000.0,3
8,7,3,7,4,1,4,55000.0,4
9,2,4,3,3,6,3,70000.0,0
10,3,5,3,6,4,6,25000.0,6
11,1,3,2,3,5,3,40000.0,0
12,5,4,5,4,2,4,45000.0,4
13,2,2,1,5,4,4,25000.0,2
14,4,6,4,6,4,7,35000.0,5
15,6,5,4,2,1,4,55000.0,3
16,3,5,4,6,4,7,40000.0,4
17,4,4,7,2,2,5,80000.0,4
18,3,7,2,6,4,3,25000.0,5
19,4,6,3,7,2,7,30000.0,6
20,2,3,2,4,7,2,30000.0,2
21,6,4,7,3,2,3,60000.0,3
22,2,3,1,4,5,4,30000.0,1
23,7,2,6,4,1,3,70000.0,3
24,4,6,4,5,3,6,30000.0,7
25,1,3,2,2,6,4,60000.0,1
26,6,4,6,3,3,4,50000.0,2
27,5,3,6,3,3,4,65000.0,3
28,7,3,7,4,1,4,55000.0,4
29,2,4,3,3,6,3,70000.0,0
30,3,5,3,6,4,6,25000.0,6
31,1,3,2,3,5,3,40000.0,0
32,5,4,5,4,2,4,45000.0,4
33,2,2,1,5,4,4,25000.0,2
34,4,6,4,6,4,7,35000.0,5
35,6,5,4,2,1,4,55000.0,3
36,3,5,4,6,4,7,40000.0,4
37,4,4,7,2,2,5,80000.0,4
38,3,7,2,6,4,3,25000.0,5
39,4,6,3,7,2,7,30000.0,6
40,2,3,2,4,7,2,30000.0,2
1977,4,3,5,2,3,3,82463.31692601732,2
126,6,5,7,2,3,3,69893.81529215944,3
2086,7,4,4,2,2,4,62746.99314512596,2
1271,4,2,5,3,3,5,55963.793508986804,3
2717,5,4,6,4,1,3,45347.31819492463,4
3006,4,2,7,4,3,4,71088.1970388705,3
2494,6,4,7,4,1,4,57804.36698027176,2
2675,4,5,5,3,3,5,58723.17019656258,2
983,6,3,7,3,1,4,61528.54649755654,4
1471,7,5,4,3,1,5,68843.45291462934,3
2302,5,2,4,3,3,5,40499.148665889115,3
2329,6,2,6,4,2,4,51812.19798485929,3
1047,7,2,4,3,1,5,78075.21479319254,3
1546,4,4,5,2,3,3,60767.844986591495,2
181,7,4,6,2,2,3,61682.948329445455,4
209,7,4,7,4,3,3,60236.26986307654,3
935,7,2,6,3,3,4,78864.86365640687,4
1542,6,3,7,3,1,3,70601.92726703557,4
1019,4,3,5,3,1,4,53048.01863031576,2
332,7,3,4,3,3,3,74572.42765376226,2
627,7,3,7,2,3,5,48231.59726818529,3
1291,7,4,4,4,3,4,46875.65526299545,2
2175,6,2,4,3,2,3,51907.60662733023,2
2146,5,5,6,2,3,5,50285.95990182271,3
868,5,3,4,2,3,5,62440.738308828324,3
865,4,2,4,3,2,4,76429.31240433322,4
1177,7,3,5,4,2,4,68178.62593860822,3
628,5,5,5,3,2,4,53566.36294438716,3
233,4,3,7,4,2,4,53780.90530035193,3
2275,5,2,4,2,3,4,49818.890283197004,4
1638,6,2,7,3,3,5,48950.38593587867,3
696,7,5,5,4,2,4,52571.94759973576,3
1240,4,3,5,2,1,5,69143.11777015655,4
2735,4,5,4,3,3,4,57881.99119872031,3
532,4,5,5,3,1,5,41360.93055661986,2
477,7,4,7,4,2,4,68975.51140386659,2
164,4,4,7,3,3,4,66706.8059130575,3
2298,7,4,5,3,2,5,50233.30459651786,2
1290,5,4,5,3,3,3,77404.48328527636,3
2590,5,4,6,4,2,4,67430.54178323623,4
297,7,2,7,3,3,5,60046.40207250554,4
261,6,2,4,3,3,5,66833.7838150587,2
1911,5,4,4,3,3,4,60503.00146347101,4
1825,7,3,4,4,1,3,81853.08681497788,2
1088,4,3,4,3,3,5,66586.31545520008,4
968,4,5,4,4,2,4,68680.61528592488,3
1456,4,3,7,3,1,5,64416.58309065425,2
504,6,5,4,2,1,5,36099.184977798555,4
1919,7,3,4,2,2,5,55416.21729770799,4
1221,4,5,4,4,1,4,73591.40982252391,4
1266,6,5,5,2,3,5,58178.67056819802,4
1798,5,4,6,2,3,5,63584.30070580404,2
1508,7,5,5,3,1,5,66676.11874125765,4
2443,6,2,5,2,2,5,68776.76707228343,3
451,4,2,7,3,3,4,72567.05570478765,4
585,7,3,4,3,1,4,94173.52528974955,4
1503,6,5,7,3,3,3,66526.47643181634,2
399,4,4,7,4,2,5,69140.01989319024,3
2669,6,4,5,3,2,4,55350.37567921702,4
2783,4,4,7,4,2,3,53920.945685830084,4
2858,5,2,7,4,3,4,66950.84113584085,3
795,7,4,4,4,2,5,68513.04567069122,3
1660,6,3,5,2,2,3,55546.90938773739,3
675,7,2,7,3,2,3,59343.41790650037,4
2713,7,2,5,3,2,3,79578.9728409059,3
781,7,4,4,4,3,4,49719.293499004125,3
987,6,3,6,4,2,3,70704.01485524453,3
1506,5,3,4,2,2,5,63009.46826920471,2
809,5,3,5,4,3,5,80576.42533092428,3
2637,7,3,6,3,2,4,83146.23190067675,3
2652,5,5,6,4,1,3,53964.06464537959,4
2269,7,4,7,2,1,5,68219.98857733708,3
229,7,5,4,2,3,4,49494.120807561325,2
104,4,2,4,3,3,3,59952.88417058872,2
522,7,3,7,2,3,5,81188.97991840578,3
2451,7,2,4,4,1,3,64550.92187072913,2
2475,6,3,5,3,2,4,55557.44052621211,3
2448,7,2,6,2,1,5,66208.32647444174,4
1440,7,2,5,4,1,3,77596.71523974669,3
2462,4,5,5,4,3,5,63719.401128036254,3
2210,5,5,4,3,3,5,48593.233680735895,2
1210,7,5,5,2,1,4,57112.76405735722,4
314,6,2,5,2,3,4,58686.66544445793,4
1841,6,3,5,4,1,4,79014.69430918599,2
1459,5,4,5,3,3,5,60896.41927888362,4
2555,6,4,5,2,3,5,60770.31292213853,3
739,5,2,4,3,3,5,75373.62710627724,2
570,4,3,5,3,1,3,55828.11493845732,4
1311,4,2,7,2,1,5,74537.67725611952,3
864,4,4,4,3,1,4,55935.88736559037,2
2357,6,3,6,2,2,3,57878.677524041144,2
1346,7,3,4,2,2,3,56943.88893272252,4
1143,4,2,7,2,1,3,64113.36452592594,2
1469,7,2,7,4,2,5,58148.95139055066,3
2147,6,4,6,3,1,4,47348.20013190396,2
2803,6,5,5,2,1,3,56364.94103824121,2
1218,4,4,6,3,2,4,71960.98795945336,2
1652,4,5,6,3,3,5,72422.50805938576,3
2642,7,4,4,4,2,4,61068.313469312445,3
900,6,3,7,2,1,3,81070.76987011358,2
397,4,3,5,3,2,5,63954.75054522609,4
2657,6,4,4,3,2,3,72640.79971198217,2
810,5,4,6,2,1,5,78114.25268405896,4
275,7,3,5,3,2,4,70234.51582478889,2
2847,4,2,5,3,1,3,58681.84156286167,3
1550,7,3,7,4,3,4,69048.27608656105,4
634,5,5,4,3,3,4,67348.69893704173,4
1969,7,2,7,3,3,3,55608.37348780247,2
671,7,5,4,2,2,3,66189.21184900106,3
1528,6,3,6,3,2,4,52140.56797577484,4
1979,6,2,4,2,1,4,38153.45963899272,3
1778,6,3,5,4,2,4,65383.24232387623,4
446,7,4,5,3,1,5,70519.77160204962,4
2158,5,3,7,4,2,5,77169.4842001776,4
1967,6,5,7,4,2,4,53826.622058340625,2
1127,6,3,7,3,2,5,64945.32116932675,4
2521,6,3,5,2,3,3,63552.862050735086,4
1686,5,3,5,3,2,5,66805.59435998517,3
978,5,5,5,4,3,4,54745.90901705548,4
1928,7,3,6,4,3,5,72366.40755599499,4
2037,7,5,7,2,3,3,72095.47363996904,4
361,5,2,5,2,2,4,79607.62462157292,4
2906,4,4,4,3,3,4,61093.826288049946,4
100,6,2,5,4,1,3,47231.06558358908,4
620,7,5,7,3,2,3,34092.7897156447,4
2774,6,4,6,4,1,4,70236.55830483098,3
917,4,3,6,3,2,4,58164.37962511749,2
940,5,2,4,3,3,3,52973.34358624107,4
2595,6,4,5,3,2,4,70099.68754313268,3
2458,6,3,5,3,1,3,57010.0439776262,2
1049,7,4,4,2,1,4,66076.30706568604,2
1701,6,4,7,2,1,5,34527.93508360177,2
1180,5,3,5,2,2,4,62949.53293310584,4
1620,4,5,5,2,3,5,86703.36199182551,2
422,5,3,6,4,3,3,71536.22991293969,3
2931,4,4,7,2,1,3,61603.81628924817,3
2464,7,2,7,2,1,4,47010.25994265433,3
589,5,3,4,2,3,4,45177.446986921175,4
1299,6,3,6,3,1,5,36956.69834757944,3
458,6,4,5,2,3,5,72709.98940766792,2
78,4,2,5,4,3,3,51167.93376983118,2
431,7,2,7,2,3,3,60585.8035030637,3
685,7,4,4,4,2,3,57747.8901775438,4
1995,5,5,6,4,1,5,65439.80794630169,4
2499,6,3,5,2,1,3,49500.57495241387,2
1178,6,2,7,3,1,5,64266.10546622537,4
268,4,3,7,2,1,3,59554.78724669896,2
2770,7,2,6,3,2,5,52949.658811963396,4
1603,4,4,4,3,3,5,62261.105502621365,4
608,7,2,7,4,3,4,65881.82717160291,3
1415,5,3,4,2,1,3,72423.95913193867,3
1891,6,4,7,4,2,5,53965.98851386736,2
118,6,4,4,4,1,5,46661.73036540199,4
2664,6,5,6,3,2,3,83141.34650111455,3
2910,6,2,7,3,1,5,67897.88427203812,2
2219,5,5,6,3,3,4,44812.8236313762,3
1447,5,3,5,3,1,3,60649.36337502873,2
2461,4,2,4,3,3,5,59862.48869574313,2
1122,7,5,7,3,2,3,57310.44044928159,3
955,4,2,4,3,1,4,44058.724138231264,4
2864,7,4,4,3,1,5,54360.30380139125,3
1252,4,3,7,4,3,5,59534.80557461885,3
391,7,5,6,2,1,5,85785.54976283733,2
1460,7,3,7,2,2,3,48117.23820270119,3
950,6,2,7,4,3,3,53680.231248311764,2
298,4,4,6,3,3,5,63933.568080138684,4
732,5,2,4,2,2,5,49396.4379735654,2
3029,5,2,7,4,2,5,82261.27313763132,2
2100,6,2,6,4,3,5,39609.38019143053,2
214,7,5,5,2,1,3,69807.94977423373,4
367,4,3,6,4,1,3,68074.86627016428,2
1773,4,2,7,4,2,3,60566.96658408613,2
2015,7,2,7,2,3,5,47722.97242683168,4
469,5,5,6,4,1,3,79593.15956105298,2
1872,4,3,5,4,1,3,51223.49398390459,2
845,6,3,7,3,3,5,71294.17520518962,2
2010,7,2,6,4,2,5,59407.040372870106,4
688,7,5,5,3,1,3,71127.02866977338,2
1216,5,4,7,3,2,3,75865.37961816961,3
2106,5,5,4,4,2,3,63357.02190476581,2
2225,7,2,7,2,3,3,45133.66784881261,3
1403,7,3,5,2,3,5,41544.945715762355,3
2497,5,3,5,4,1,5,53403.05091192066,3
811,4,2,5,3,2,5,46163.20026769061,4
2671,6,4,4,4,1,5,64716.688471634865,3
68,5,2,4,3,3,5,60966.76709416682,2
2822,5,4,7,3,1,4,52684.842107185934,3
2760,7,4,7,4,3,4,69962.72427895,2
2926,4,4,7,4,2,5,60277.14784471786,2
2772,6,5,6,2,3,5,46286.24745673345,4
1120,5,5,5,3,1,3,54927.99873591659,4
2677,5,2,6,2,1,3,47739.420190614896,2
128,6,5,4,2,2,5,61692.27727773044,3
2068,7,2,6,4,1,5,50481.68284765504,2
850,4,4,6,3,2,3,52077.60231219694,3
1184,7,3,7,2,3,4,57971.93002932015,2
1776,4,5,6,2,3,5,62610.660321786694,2
2229,7,5,4,2,2,4,71979.16093201555,2
1052,4,4,7,2,1,3,75850.0772215568,3
584,5,4,4,4,1,3,70790.83233312835,2
832,7,2,7,4,2,4,57175.164077049725,4
1046,4,4,7,4,1,3,54125.79384627843,4
1348,5,4,7,3,2,3,40678.546313461586,2
2933,6,2,6,2,3,3,76130.08344236767,3
994,4,3,4,2,2,5,88110.9227990543,3
2226,7,5,6,2,2,5,69440.8029452941,4
2628,7,2,6,2,3,4,69129.30722467508,2
2764,7,4,4,2,1,4,69749.15653318223,2
353,5,4,5,2,2,5,52075.946666307915,4
1463,5,2,7,3,1,3,59107.36707121251,2
409,7,2,5,2,2,3,49650.14767132473,2
2575,4,3,7,4,3,4,75938.62326187658,3
933,5,2,7,4,1,5,67970.5083708791,3
403,4,4,6,2,2,4,56528.8714906049,4
107,6,4,7,3,2,5,74708.94377841907,3
2259,4,3,6,3,2,4,57905.7641196161,2
1498,6,2,6,2,3,4,62260.01324741752,4
2084,5,3,5,4,1,4,53830.076830650796,4
1614,7,3,7,2,3,4,28929.67612532595,4
2709,6,3,7,2,3,4,67206.38701104789,2
357,7,5,5,4,3,5,67259.07510058554,2
828,6,4,7,4,2,3,73859.44789341837,3
1399,7,4,4,3,2,3,56462.030724401375,2
2823,4,2,6,2,3,5,72288.66578156876,2
52,5,5,6,2,3,3,71424.6651144007,4
1307,6,3,6,3,1,4,55462.7685861257,4
119,7,3,7,3,1,3,56950.20053715408,2
2863,6,5,6,2,1,5,52287.4168831795,3
846,5,2,4,3,2,3,41278.98084262798,2
1029,5,5,4,4,2,3,54549.72049573537,2
2244,7,4,7,2,1,4,75161.71596833217,2
2993,6,3,5,2,1,5,64676.36775161811,2
2768,6,4,4,3,3,5,60349.47859187706,4
2165,4,3,7,3,3,4,48169.03187442708,2
914,4,2,7,2,1,4,62054.42588130588,2
2243,5,2,5,2,2,5,57107.47089985145,2
2069,5,2,4,2,2,3,60295.682110458874,3
1912,5,4,7,2,2,3,43174.55537192255,2
1610,7,3,6,2,3,5,48222.18464784838,2
1898,4,4,5,2,3,5,70488.60408557013,4
2929,7,5,7,4,1,3,51118.45440908315,3
1144,6,3,5,4,1,3,60506.23519384768,2
2828,4,4,4,2,2,3,34426.016581291275,4
2483,5,4,6,2,3,5,65253.073013498186,4
1497,7,3,5,2,2,3,67336.40344106985,2
2707,4,4,4,4,3,4,72950.15351650753,2
304,7,4,7,3,3,5,79428.9526503422,4
276,6,4,6,4,1,3,48827.006755945156,4
2337,5,5,7,4,2,5,60515.064941759025,2
130,6,4,4,4,3,5,61184.67655361707,3
924,6,4,4,4,2,4,42697.04985322476,4
2745,7,3,6,3,2,3,74871.23202608705,4
1876,7,3,6,3,1,4,49857.6410595198,4
891,4,4,4,2,2,5,57855.952627218394,4
1742,5,5,7,2,1,5,45378.89996737349,3
1562,4,4,7,3,3,5,45892.00544242595,4
2404,5,4,4,4,3,3,46959.788533606144,4
1963,5,3,5,4,1,5,58818.08101185555,2
923,6,2,5,4,3,5,51065.57867866469,3
354,6,2,7,2,2,5,55377.351361682675,3
2667,5,3,5,2,3,5,62778.79712003477,3
1899,7,5,4,2,1,5,57171.399484267575,3
284,5,5,6,2,2,3,61103.710885240296,4
1578,5,4,7,4,1,5,67435.18196654001,2
2995,7,4,7,2,3,5,45076.85767307854,2
1464,6,5,4,3,3,4,43322.7850321882,4
815,7,5,4,3,3,5,68349.19619381145,3
2009,7,3,6,3,1,3,50855.104755525375,3
2692,6,2,5,2,3,4,50827.06485588799,3
289,4,3,7,3,2,4,41928.544530743515,2
265,7,5,6,2,3,3,79816.06433324839,2
269,7,3,7,3,2,3,72937.50304087282,4
1170,6,5,5,3,1,4,56849.75738126985,4
2260,6,5,4,2,3,4,49078.857102953596,4
2996,4,2,5,3,2,3,64202.78163010996,3
273,6,5,6,2,1,4,56673.56352352729,3
2795,6,4,7,2,3,3,66291.57900872041,4
2129,7,4,4,3,2,3,72487.57924241682,3
993,7,5,5,4,3,4,60155.74098902697,2
2812,6,4,5,2,2,4,66833.810523833,3
684,6,4,6,2,3,4,64958.525196981485,4
1885,6,4,5,2,2,5,67789.4784821587,3
2911,7,5,4,2,3,4,63837.9698671732,3
2227,5,2,4,4,2,4,81014.42399779725,4
1871,6,4,5,3,3,4,54837.89430365816,3
1647,6,5,4,4,1,3,50477.29851344189,4
2611,7,2,4,4,1,3,59561.49940347397,2
2313,7,3,6,4,1,3,47027.35257108594,2
2172,5,3,6,3,3,3,71377.13578238864,4
1105,6,2,7,4,1,4,54828.90288844624,3
2439,7,2,6,3,3,5,51884.0116311793,3
54,6,5,4,3,1,5,62144.13147201615,3
2115,7,3,4,4,2,5,60307.7202698902,4
1418,7,3,6,3,3,4,55040.256490498745,2
1637,7,3,4,2,2,3,51923.96841315814,2
654,5,4,5,4,2,3,59002.17827726152,4
2277,4,2,7,4,3,4,77826.78202106737,2
2182,7,3,4,4,2,5,61729.48916407497,2
617,4,3,5,4,2,5,60279.20349921142,3
883,6,2,6,4,2,5,61533.740460070985,4
3019,6,4,4,3,2,5,63991.63653834458,2
2888,4,2,5,2,2,5,57856.734397352084,4
447,4,3,6,3,3,5,58998.48716212108,3
1553,7,4,4,4,3,3,46117.17630404736,3
2606,5,3,4,4,3,3,61670.918958384595,4
1588,6,5,4,4,1,4,64710.2766860772,3
2855,6,3,7,2,2,4,51720.262080173874,4
586,5,5,6,4,1,4,52948.400912350495,4
2119,7,5,7,4,1,4,44931.11200516008,3
2534,5,3,5,2,3,5,81316.97031312747,3
1779,5,4,4,2,3,5,47858.32589025153,4
1085,4,3,7,2,3,4,47591.24059630264,3
1219,7,3,7,3,1,4,56946.25136420482,4
905,5,2,6,4,3,3,44175.163577882806,2
2017,6,5,7,4,1,5,62695.46642521377,2
2784,5,3,4,3,3,3,65068.829385966565,2
1689,7,4,4,4,3,3,74381.72660437899,2
1020,6,4,4,2,2,5,46676.453133698546,3
2383,4,4,5,3,2,4,61116.357373188875,3
1704,4,4,5,4,3,4,37195.13979445054,3
1384,4,2,5,3,3,4,72553.77825316874,4
2721,4,4,5,2,3,5,59153.77109342213,4
715,5,3,6,3,3,5,65659.31414149277,4
1615,5,4,4,4,3,4,56596.442197434,4
839,7,4,7,2,2,3,47774.57047765341,3
1309,4,2,7,3,1,4,45472.17284297154,4
418,5,5,5,2,3,4,59603.83250132931,4
990,6,3,4,3,1,5,46412.19196418691,3
2397,7,3,6,3,2,4,54177.20111162561,2
1066,4,5,7,4,1,3,49436.12553249627,3
587,5,5,4,4,1,3,64432.88618153349,4
346,4,5,5,4,1,4,52952.06853953234,3
761,6,5,4,3,3,5,50645.30715777709,4
2727,5,2,7,3,1,3,59177.94404284672,4
301,6,2,6,2,3,3,56823.172857256344,2
2598,7,3,5,4,2,4,61779.41979523528,2
2287,4,4,5,3,1,5,71042.44685161559,4
1767,7,3,5,4,3,3,54222.68783442183,3
699,7,5,6,3,2,3,42577.76125665971,3
1527,4,5,4,2,1,4,53186.25075606302,2
1426,7,4,5,2,2,5,59584.438950872405,2
578,7,4,5,3,3,4,71519.2129040922,4
2726,4,2,6,4,2,3,60932.73807268168,4
497,4,5,4,2,2,5,52716.85039826527,3
1569,5,2,5,4,1,5,45508.674925910345,2
101,5,2,7,2,3,5,42045.22094345396,2
1556,4,4,7,4,2,5,46167.47592597714,2
309,5,5,6,4,2,5,55526.211659411405,3
2076,7,5,4,2,1,5,63689.68948616973,2
663,7,4,7,2,1,4,40756.60870437273,4
1339,7,4,5,2,3,4,52953.54061317522,4
2279,6,3,7,4,2,5,55423.280535489495,2
750,6,4,5,2,2,3,57949.03798645621,3
1196,5,3,5,3,2,5,68653.89060468673,4
611,7,2,4,4,3,5,57376.19561972181,4
1782,5,2,4,3,3,5,64919.05518473546,2
2432,4,3,5,2,3,5,31965.76952349142,2
2245,6,5,6,3,2,3,72019.94726151758,2
2181,5,2,7,2,3,5,55739.73232244972,2
1755,6,4,5,3,3,5,71123.86265477983,4
155,7,4,4,3,2,5,57867.30827793782,2
2971,4,5,4,3,2,3,56514.36255651488,2
2581,4,4,5,4,3,4,51011.80764598174,4
2374,6,4,4,2,3,4,58868.97399881873,4
797,6,4,4,4,2,4,38936.90902814835,4
1404,5,3,5,4,1,4,65422.972628820746,3
2814,7,4,5,2,2,5,41596.00197513457,2
339,5,4,6,2,3,3,81230.4962612766,2
2978,5,5,6,4,3,4,78661.79577268244,3
2512,6,4,5,4,3,3,52010.45252922026,3
249,6,2,6,3,1,5,64485.800193657364,3
623,7,2,7,2,2,4,60616.56310058139,3
292,7,3,6,4,3,3,71705.94260672976,4
2577,6,5,6,4,3,5,43133.11603416781,3
1931,4,4,7,4,2,4,64697.08898829969,2
1301,4,2,5,4,3,5,64700.65254579231,4
1741,5,3,5,3,1,3,73898.27678525106,2
735,5,2,6,4,1,5,49268.56297360917,2
871,6,4,4,3,3,5,67788.71091281323,3
1086,4,4,7,3,2,5,57438.88701330721,4
2274,7,2,6,4,2,3,56037.82707922398,2
2255,7,5,4,4,1,3,78057.99453392801,4
495,7,3,7,2,3,5,56555.72435928888,3
1552,4,2,6,4,2,4,74380.807482459,4
2688,6,3,5,3,3,5,64954.86250103437,3
2928,5,5,4,4,2,3,61042.09355460354,4
2376,7,4,6,2,2,5,58443.86395948497,4
1826,5,5,7,2,3,5,50687.43291184316,3
330,5,2,6,3,2,3,47829.45739946351,3
1200,7,3,7,4,2,3,51480.07986772591,3
2765,5,2,7,4,3,4,67274.98103047581,2
1707,5,3,4,2,3,5,44295.438087789604,4
325,5,3,4,4,2,3,66985.90595118386,3
1687,7,5,4,2,1,4,45708.33732563479,3
1124,5,4,5,4,2,3,55039.65764174392,4
665,7,3,5,4,3,5,77944.49879131053,3
547,5,5,5,2,3,3,32192.85595506813,2
876,5,3,4,4,1,4,67332.92672608263,3
1685,7,4,5,4,2,5,48023.35870267553,3
1472,7,3,7,2,1,4,53271.07667050316,4
1750,4,5,4,3,1,4,50901.07457459791,4
1505,6,4,5,4,1,5,59665.91578403884,2
912,6,4,5,3,2,5,61152.491515164984,3
1189,4,5,7,3,3,4,53039.24372171502,3
2273,4,2,7,2,1,5,59737.35028634402,4
2851,5,4,7,2,1,3,65203.69727646438,2
2732,6,5,6,4,1,3,61088.43419012743,3
1227,6,5,5,4,1,5,53716.06004017463,2
540,7,3,5,3,3,5,68518.1872152052,4
159,4,2,6,2,3,5,69859.0447086604,2
2761,4,5,6,2,1,5,56847.772851476286,2
460,6,3,6,3,2,4,63659.55791760253,2
2532,4,3,4,4,1,3,69439.57446277492,2
2698,5,3,7,4,1,5,60088.58459221831,2
1747,4,2,7,4,3,5,55778.88319624831,4
2517,6,3,4,2,1,5,67558.80674894546,2
2073,5,4,5,2,2,3,53631.720880941255,4
2087,6,3,5,2,2,3,44997.7230869094,2
1882,6,2,5,3,2,5,72328.20696215419,2
2199,5,3,4,4,3,4,55104.17964544302,4
925,4,4,6,4,2,3,50816.49045533086,4
2062,5,4,6,4,2,5,77657.2884082772,2
1304,5,2,5,2,2,4,45740.26653182656,2
1283,7,3,7,3,1,4,69748.34667477221,3
1845,5,4,7,4,3,3,71207.7809885761,2
1279,4,5,6,2,1,4,64432.30074576235,2
349,4,3,7,3,3,3,72695.90069681818,2
503,4,3,5,4,2,5,64010.29229047183,4
183,7,4,7,4,3,4,65866.92630121081,4
438,4,4,7,3,1,4,36089.7786297401,2
687,4,3,7,4,1,3,73977.93409671291,4
996,6,5,4,4,1,4,67448.46725267502,3
1134,7,3,4,3,1,5,63665.06067081592,2
2950,4,5,6,2,1,5,53873.70180239537,3
2558,6,4,4,4,1,3,43713.40695903231,2
1434,6,3,4,4,3,3,45510.0399454478,2
2390,4,5,5,3,1,4,62463.732808143024,3
847,4,4,7,4,3,4,48807.2389832291,2
1147,5,3,7,4,1,4,72061.78578029478,4
1284,4,5,4,4,2,5,55412.971875924944,3
2753,7,4,6,3,3,5,48983.531036017215,4
3021,6,2,5,3,2,4,55552.461546718936,2
1992,6,4,7,2,2,3,44446.025614555445,3
283,6,3,5,3,1,5,51495.024036766874,4
2936,6,3,6,4,3,3,66998.69035285291,3
1799,5,5,6,3,3,3,52023.815440508646,2
1025,5,2,6,4,3,5,33322.26342709516,2
563,5,3,7,4,3,3,63430.033605272256,3
757,7,5,7,3,3,4,51959.899140638736,3
2674,4,2,4,3,1,3,50108.317484977684,3
2234,7,2,5,3,3,4,63674.52174081386,4
2881,5,3,4,3,3,4,67033.53119156229,2
2162,6,3,7,4,2,3,59560.21931934615,2
1702,4,2,5,3,1,5,50597.858254458864,4
1784,5,5,5,4,3,3,59160.27586675503,4
379,4,5,5,4,3,3,55234.8413064915,4
1792,6,3,7,2,1,4,58762.973612044414,4
1162,6,4,7,3,2,5,62618.9360842052,2
2389,6,3,7,3,1,5,64327.35980405105,4
2063,7,2,7,3,3,3,63093.69536786215,2
2049,6,3,5,3,3,5,50448.17442593884,2
2962,6,5,7,4,2,4,51348.452366869526,4
2715,6,3,5,3,1,3,68691.94475993734,3
2644,6,2,7,4,1,5,70921.13148755798,3
1267,4,3,5,3,1,3,47989.69362896158,3
2487,4,2,7,4,1,4,58588.77850495136,2
588,7,2,6,2,2,3,63061.79019339928,3
455,7,3,5,2,1,3,56774.85222470539,4
134,5,2,7,2,2,5,45344.01850971675,4
496,4,4,6,2,3,4,55553.19038301026,4
2206,4,4,6,2,1,3,56213.14147636889,4
2839,6,3,4,4,2,4,57059.15413414872,4
2372,6,2,5,2,1,5,63971.702041442266,4
2672,4,2,4,4,3,4,42276.85160042597,2
324,4,5,6,3,3,3,55725.33176819781,2
112,6,3,4,3,3,5,62708.93427889643,2
222,6,2,6,4,3,3,38557.41024296403,2
2661,6,4,6,4,3,5,74723.01402059113,3
103,4,2,5,2,3,5,58693.66370347351,4
1663,6,2,6,4,3,5,65138.36983087175,4
66,6,5,6,2,1,4,58440.29149327939,2
977,4,4,6,4,1,5,64868.74488231534,3
2179,6,3,4,3,2,5,61518.26538156637,4
436,5,3,5,4,3,3,66838.58947104862,4
2058,6,2,4,2,2,5,77674.8378356881,3
1126,5,2,5,3,2,3,44450.37163346729,2
1451,6,2,5,2,2,3,58365.50232039803,2
491,5,2,7,2,2,5,57087.0954181524,2
2890,7,5,4,2,1,4,57928.923356667314,4
2178,4,4,7,4,2,3,65883.92812364727,4
2681,5,5,5,2,1,3,54943.1455578768,4
525,5,2,6,4,2,4,63928.863640048345,2
2975,5,2,5,4,1,4,72040.22313729169,4
88,5,4,5,2,2,4,69607.86514481847,4
61,4,5,7,4,3,4,63884.66130868356,4
1099,5,5,5,2,2,5,47306.552785325,3
1104,7,2,4,4,2,3,57966.85669121192,3
667,7,3,4,4,3,3,48234.727261804175,4
1930,5,2,5,2,3,5,44441.331142665855,4
518,7,4,6,2,3,3,65118.86121381168,4
2862,5,3,4,4,1,3,71838.46716010889,3
1226,7,5,7,2,2,3,63334.19091222438,2
2424,5,3,7,2,3,5,54936.466713386915,2
2887,7,2,4,2,1,3,73158.77740092567,3
1725,6,5,7,4,3,5,64266.47706071504,4
2916,4,5,4,4,3,5,61886.963828250795,2
190,4,4,6,2,3,5,59935.23276476986,4
1402,6,3,6,4,1,3,85460.55633739135,2
295,6,5,6,2,2,3,71779.08499990284,2
2699,5,4,5,4,1,5,50942.523550954924,4
407,4,5,7,4,1,5,83971.94695668091,3
1171,6,2,6,2,2,4,42170.53532167115,2
255,4,2,6,4,1,5,70126.19878129972,2
206,4,4,6,3,1,4,41641.13599573284,3
1599,6,4,5,3,3,4,48528.925815412076,2
2980,6,3,5,3,1,3,81824.40743878807,3
2231,4,4,6,3,2,5,66878.4352074547,3
388,5,3,7,2,2,4,51674.505950235776,3
463,5,3,5,4,1,5,55674.4596789391,4
548,5,2,7,2,1,4,42709.02840244149,2
133,4,2,6,2,2,4,56145.0057134993,4
2908,7,5,6,3,1,4,45922.72631816845,3
2099,5,2,7,4,2,5,62583.382282645005,3
2546,4,2,5,3,3,3,50074.289929534716,4
62,5,4,4,3,2,3,70020.09486593278,3
893,7,3,7,4,3,4,73226.98746916695,4
1790,6,5,6,2,2,3,61759.039763874986,4
2450,5,5,5,4,3,4,57267.18247945364,3
2585,5,5,7,3,2,3,64206.10609035331,4
1953,7,4,4,4,1,4,64448.002515111904,3
557,6,5,5,3,2,5,71945.75899847395,2
1584,6,3,4,2,3,4,50171.36654443587,3
2830,4,5,5,4,3,4,87989.62451210654,3
2510,5,2,4,4,2,3,68753.63108071675,2
2618,4,5,4,2,3,3,66564.04489440344,3
2636,5,4,6,4,2,3,60097.2039465407,3
2655,4,4,5,3,1,5,75888.8062269298,4
2680,7,2,6,2,2,4,67022.64819378765,4
2989,7,4,6,4,1,3,61362.24399409621,4
1668,4,2,6,4,3,5,60319.67554329572,2
2976,6,5,7,4,1,3,57710.618270743376,2
50,6,5,4,4,3,3,52698.55072860516,4
2373,5,3,6,3,2,3,46567.57218819266,3
2270,6,4,6,3,2,4,59701.677709034346,2
443,6,4,4,3,3,4,53991.945691299756,4
1419,5,3,6,2,1,3,70120.22764129042,4
189,4,5,7,4,3,5,47883.02714229586,2
2306,4,4,6,2,3,3,39510.49971093926,2
1327,4,5,6,3,3,5,60339.532922293874,4
200,4,2,6,4,2,3,52441.112997497454,3
966,7,5,4,3,3,5,60365.580525290236,2
1492,7,4,7,4,2,5,56355.68846059902,2
1657,4,2,5,4,1,4,68361.80180990315,2
317,7,3,4,4,3,4,63394.16916137031,3
494,5,2,5,4,2,5,60054.68216153708,2
2970,6,3,4,4,3,3,57421.834150690745,2
1585,4,5,5,2,2,3,52581.562001979306,3
2604,7,3,5,2,3,4,67918.56647308427,4
2085,6,5,6,3,1,4,55808.66551473026,4
1205,6,3,4,3,3,5,54982.99753123857,3
2071,5,5,5,3,3,3,53156.78002944647,3
2161,5,3,7,3,1,5,60339.16667158024,3
1306,7,4,6,3,3,5,56846.90501101504,2
2479,5,4,7,3,2,5,53911.99507462152,2
69,7,4,7,4,1,4,71655.0834585402,3
1031,6,2,7,4,3,5,62185.45477918464,3
1814,4,4,6,2,3,5,48122.94001674901,4
2103,5,3,6,3,1,5,58956.168999065136,4
1634,5,3,4,2,1,4,61884.682989087894,2
1914,6,5,7,3,2,4,35233.74991560567,2
727,7,2,7,2,1,3,59250.88732262969,2
2874,4,4,5,3,2,5,68623.66891292254,3
505,5,3,5,4,1,3,53225.123376716685,2
747,5,3,5,3,2,3,62734.64035913464,4
2901,4,3,7,3,3,3,59057.77598497724,3
1169,7,2,5,3,3,5,40815.93283122529,4
2345,6,5,4,4,1,4,41789.638382917714,2
1353,4,3,6,4,2,4,43396.81632501831,4
1039,4,4,5,3,2,4,46549.08776930663,2
860,4,2,7,4,1,3,70970.83107840917,3
402,5,2,5,3,2,5,66389.41303763022,4
1121,5,5,7,4,1,4,41903.05224949437,3
1378,6,2,5,3,1,5,72751.54757550024,2
2014,5,2,5,4,1,4,64551.4886198049,2
1470,7,3,6,4,2,5,64889.400449908586,2
2955,4,4,6,2,2,5,57815.931843650134,2
1717,5,2,6,3,1,4,58683.49078522627,3
316,5,2,6,2,3,5,78680.84531380373,2
816,5,5,6,2,1,3,60660.75817672411,2
2561,7,3,7,4,1,5,61860.32716222845,4
2167,7,3,6,2,2,4,32399.74158523597,2
2625,7,2,5,2,2,4,77381.4633705989,4
415,6,5,6,2,3,5,76715.83153766478,2
1606,5,4,7,2,2,5,79657.84233498154,2
959,5,5,7,4,2,3,63984.38455481376,2
2202,7,5,7,2,1,5,49738.80440815137,4
1904,6,4,6,2,1,3,66712.51107799236,4
1745,4,5,4,4,1,3,44081.90831228345,3
796,5,2,4,2,1,3,56695.16564387953,4
1217,7,2,7,4,3,5,64469.87631370041,4
245,7,2,6,3,1,3,56821.95902582413,4
2787,4,2,5,3,3,3,52353.39009023261,4
2633,7,4,7,3,3,3,57805.18591285528,3
1728,5,3,4,3,1,5,70597.72178920628,2
2728,7,5,6,2,1,3,51339.631585540534,2
2793,7,2,7,2,1,4,62818.287344312295,3
2149,4,5,5,3,1,5,32306.773587138607,3
1450,4,5,5,3,3,5,56873.700137049076,2
221,6,5,6,2,2,3,72986.93062563964,4
2379,7,4,6,4,2,3,45681.4433794542,2
73,7,3,5,3,1,5,69444.40766435198,3
1409,5,4,4,3,2,5,65371.06957383547,3
1250,7,5,4,3,3,4,63125.83926453169,4
2701,7,4,4,2,1,4,66963.7953588702,2
1012,7,4,7,3,2,5,55007.90209582538,2
997,4,5,4,4,3,5,63766.70222084764,2
1449,7,5,7,3,1,4,56426.58238986595,2
523,7,4,6,2,1,3,59100.81919163666,3
2645,5,3,7,4,2,4,60837.40938265834,4
1851,5,4,4,3,2,4,79495.0293226742,3
560,4,3,7,4,3,4,46545.24010125626,3
1302,4,5,6,4,1,5,67276.22898182494,4
2511,5,3,4,4,1,3,42541.30857419397,3
2859,4,5,6,4,1,5,51733.81795855726,4
1392,4,3,6,2,1,4,42636.383622573325,3
1115,4,3,6,2,3,3,32072.749336743338,3
1971,7,5,6,2,3,4,78261.89350685282,4
577,6,4,5,3,1,5,51101.03050216856,3
2716,5,2,7,2,2,5,56167.31881418792,4
931,5,2,6,4,1,4,52329.67188202087,3
2662,4,2,4,2,3,4,39721.962070011905,4
640,7,4,5,2,1,4,54498.11452203977,2
411,4,3,5,2,1,3,42432.521203797995,4
2297,6,3,6,4,2,5,77941.64899183312,2
530,6,2,4,3,3,5,64054.53157830904,2
1112,5,4,5,3,3,4,55468.45004475924,2
2789,6,2,7,4,2,5,47490.86108355123,4
1482,7,4,5,3,1,5,51170.69690326977,4
74,6,5,5,2,1,4,48645.79362436627,4
2977,5,5,6,3,3,3,79950.69274982701,3
2370,7,4,5,4,3,5,51707.18991855997,3
1847,7,4,5,4,2,3,54489.235796226276,3
1213,6,5,5,3,3,3,53735.86628033332,3
2174,7,4,4,3,1,3,44983.440005309334,2
2261,4,4,6,3,1,4,54020.49074864111,4
744,5,3,7,2,3,3,56736.41687373855,2
1062,7,5,4,4,1,4,55694.87839792993,3
2251,6,5,4,3,1,4,40980.18745899729,4
1297,6,4,7,2,2,4,69860.45048300663,3
313,7,2,5,3,1,4,51998.16233850764,2
1873,4,5,7,2,3,3,64551.33398269078,4
173,6,2,6,2,3,5,72817.40013727946,3
2870,6,5,7,2,1,3,64264.834391868106,2
2965,7,4,4,4,3,5,64489.250013701596,3
1444,4,4,4,3,3,5,61794.08181003149,4
2197,7,5,5,2,3,4,62031.09424144962,3
2492,4,2,6,3,3,5,61012.953898037056,2
2347,4,5,7,3,1,4,52225.79280706361,3
713,6,2,4,4,1,5,60735.07433898692,4
1295,7,4,7,2,1,5,54260.667780735865,2
708,7,2,5,3,3,3,62480.378084971,2
2123,5,4,6,3,3,4,59246.08591156982,2
392,7,2,6,3,1,5,51896.86069879747,4
1557,7,2,6,2,2,4,55730.08293344916,4
2696,4,2,6,4,2,5,51822.212605753295,3
2375,7,5,5,4,1,3,79800.76041164048,4
2902,6,2,6,2,3,5,45285.346736048865,4
1259,6,2,5,2,3,4,51221.561416314944,2
2794,7,2,7,3,3,5,66974.95632168162,3
2724,6,3,4,2,3,3,63822.45792283437,4
2117,6,5,6,4,2,5,74113.92279353504,2
1718,4,5,4,3,3,3,54143.93081411385,2
1633,5,2,4,4,3,3,78982.56505555718,3
1142,4,2,7,3,2,4,79293.38894464218,4
1174,7,2,4,3,2,4,66505.9819959208,3
2844,7,4,7,2,2,5,75227.76662047286,2
1114,4,3,4,4,3,4,67582.23849145115,4
659,7,5,6,2,2,5,44702.78474205031,3
1462,4,5,5,2,1,4,78723.73011125824,2
1454,6,2,7,4,2,3,40578.856547374744,3
393,4,2,7,4,3,5,78552.28849752838,2
2218,5,4,4,2,3,4,52774.8882977088,3
475,5,4,7,2,1,4,58966.78126107867,3
524,4,4,4,3,2,4,83611.23440707017,3
2568,7,5,5,3,1,3,60073.00815483203,3
849,5,4,5,4,1,3,51057.07619854458,4
2139,5,4,4,2,3,4,55998.380072332315,2
55,5,4,4,3,3,4,61483.960412437795,4
2925,6,3,4,2,2,3,46666.38307894813,2
472,5,5,6,2,2,3,46465.1608003952,2
2719,6,4,7,2,2,4,70398.89814101478,2
281,5,2,7,4,1,5,62470.15968214922,2
806,7,3,6,2,2,3,64727.75590767421,3
171,5,2,5,2,2,4,57175.40233694532,3
693,4,3,5,4,2,4,50614.25754054682,2
243,4,5,4,2,2,5,79498.6823690255,4
408,5,2,5,2,1,5,53258.70821077006,4
322,5,4,5,2,1,3,61837.48408101203,3
1262,4,3,4,4,1,4,57783.65802642222,3
638,5,2,6,4,2,4,67525.88470113822,3
930,7,5,4,2,2,4,46298.34308076298,3
1117,5,5,4,4,2,4,51290.81709490845,3
1201,5,5,5,3,2,5,64547.45024929589,2
680,4,3,5,3,3,4,75521.81996474796,2
117,7,5,4,4,1,4,45021.99364870858,2
2829,5,5,5,3,3,3,73466.8102601468,2
2809,4,3,6,2,1,3,58144.561383597196,2
2384,5,4,7,3,2,3,48807.0828342543,3
2237,4,3,5,4,1,4,56539.75677575191,2
2470,6,3,7,4,1,3,68959.31691153265,2
1023,4,4,6,4,3,4,51192.62775655308,2
1771,6,4,5,2,3,3,44669.6921131389,3
2311,7,5,7,4,3,4,72488.01559148845,3
1420,7,3,5,4,2,4,56941.34128203287,2
2817,6,4,4,3,3,3,58785.899244873246,3
1733,7,4,7,2,3,4,38483.68374849307,2
430,6,3,7,3,2,4,73776.55981847724,3
2579,6,4,5,2,1,4,64946.96528759248,2
936,5,2,5,4,3,3,79554.41261194654,2
2754,7,2,6,4,2,5,50009.81110815108,2
2445,6,4,5,4,3,3,33112.96090791796,3
1901,4,3,6,2,2,5,65938.66894481945,3
489,5,2,4,3,1,3,69379.05556928528,3
2437,4,2,4,2,1,3,68618.31184112717,2
1342,6,5,4,3,2,4,61918.59122727068,4
203,7,2,4,3,2,5,57294.35064457032,4
2028,6,3,4,2,1,3,62938.66440461414,3
196,7,3,7,3,2,3,61614.135414058524,4
2730,5,5,4,2,1,4,66564.492578511,2
1816,6,5,6,4,3,5,69729.55718484396,3
2969,6,2,6,3,2,4,73022.18001861218,3
3035,7,2,6,4,1,3,81537.00745930661,4
1802,5,2,6,2,1,3,57971.81531026143,3
582,4,5,5,2,1,5,61037.26235175913,3
1921,5,2,6,3,3,3,87975.21414068592,4
1723,6,4,4,2,2,4,51473.21498051326,4
2804,5,4,5,2,3,5,78766.28445391492,3
1118,7,3,4,4,1,4,65095.40738803765,2
2932,4,3,5,2,2,4,72148.1836606648,4
1964,7,2,6,4,3,5,67688.82635701734,3
1740,5,3,4,2,2,5,59905.46917475629,4
2740,7,4,6,3,2,3,69909.32996375173,2
830,6,2,6,3,3,5,65840.72366184618,2
236,6,4,7,2,3,4,67597.61142527671,2
1330,7,5,7,3,3,4,56318.37843550133,4
1902,7,3,5,3,1,3,60323.311496977825,4
1643,6,3,5,3,3,5,62361.29682397925,2
1407,4,5,6,2,1,3,33911.41936533418,2
3010,7,5,7,4,1,5,68831.57389000675,3
2214,5,2,6,2,1,5,50113.96061901078,4
1461,7,4,6,3,3,5,74929.29008642833,4
2128,7,3,6,4,3,4,72643.44672807325,2
416,6,2,6,2,3,3,59756.34740608469,2
1331,5,4,4,2,3,3,68701.89353958343,3
873,6,5,6,4,2,3,64130.29859129938,2
643,6,2,6,2,2,4,50151.93536505253,4
1869,6,2,6,3,2,5,74912.52590084715,4
542,7,5,4,3,1,3,75833.29708301528,3
2491,7,2,7,2,3,4,72173.93875348438,4
635,7,4,5,2,2,3,78221.02126291518,3
785,4,4,6,3,1,5,63415.35108095536,4
2217,5,4,7,2,1,5,83584.0412318692,3
1678,4,4,4,4,1,4,57353.31426610032,3
1555,4,2,4,4,2,3,66114.58685995989,4
3004,6,3,4,2,2,3,62754.08636747231,2
2355,7,5,5,4,2,3,88362.85887204876,3
160,6,4,6,4,3,3,67800.36564174235,3
1721,7,4,6,4,2,5,61604.669403782405,3
1650,7,5,5,4,2,5,69917.73263320397,3
2882,5,4,5,4,1,5,43814.93197986484,3
2886,4,4,4,3,1,4,67464.13139629834,3
1032,6,3,4,2,2,4,57919.23106662186,2
1830,5,4,5,3,1,5,58883.94096894873,4
1476,5,3,7,3,3,3,66958.85841309342,4
2799,4,4,6,4,2,5,33638.71126226173,2
2060,7,4,6,4,3,3,55494.55273068126,4
1849,4,3,7,3,1,3,78166.96879249538,4
182,4,3,4,3,3,3,51478.89082255653,3
2145,7,3,6,2,3,5,63018.142421933386,4
1892,5,3,5,2,1,3,69783.53697387314,3
2029,7,4,5,4,1,4,66498.7305560543,4
1968,7,3,4,2,1,3,52878.972765751474,3
2496,5,4,4,2,2,4,77268.53592383067,3
2413,7,3,5,2,3,4,52637.82632970995,2
2414,6,3,6,4,2,5,53204.82608019638,3
960,6,4,4,2,1,3,54112.425739238264,4
1094,7,4,6,4,2,5,58778.64223772403,3
2415,5,4,7,4,2,4,40273.65938882739,2
567,7,2,4,2,3,5,46926.22501447176,4
2317,5,5,5,4,3,4,43486.63595570471,2
1026,5,5,7,3,1,3,71750.6357466951,3
1155,6,5,6,2,1,4,43905.2262966448,2
1013,6,3,5,4,2,3,76602.41351252256,3
2419,7,4,5,3,2,4,47178.2261061853,2
352,7,2,5,2,1,4,48324.562771607365,4
360,6,5,5,3,1,3,54649.51303654758,2
2002,4,5,5,2,2,4,70687.14142971451,4
1888,7,3,7,3,1,4,74464.27630439885,2
2530,4,2,6,2,2,3,69168.06196406021,2
2683,4,3,4,2,2,3,53443.629979693855,4
225,7,5,7,3,2,5,57290.36685687729,2
1199,7,3,6,4,3,5,65812.71798099884,2
677,4,3,6,3,2,5,70676.17404002756,2
2433,7,3,7,3,3,4,68596.60589297091,2
2872,7,3,4,3,1,5,63589.43877321449,4
2366,4,2,5,4,1,3,84835.64238907365,4
2163,7,2,6,2,2,5,63061.81442095315,3
465,5,2,6,3,3,3,82660.39663808109,4
2960,7,5,4,4,2,4,69098.61366318437,4
1923,6,2,6,2,2,4,54767.33053185754,3
808,6,4,6,3,3,4,32124.53576542058,2
2025,4,5,5,2,1,5,50632.35245327045,3
1632,7,2,7,3,1,5,41763.079872481845,3
1494,6,4,4,3,2,5,58308.31339884965,2
1535,4,2,6,4,1,4,47592.03547686423,2
2019,4,4,5,4,1,5,65816.01766660804,2
41,5,4,7,3,3,4,63185.71401611946,4
385,7,3,7,3,3,5,81514.10935041806,3
2808,6,3,5,4,1,3,63867.11316503583,3
555,7,4,5,4,1,5,61172.69467792438,2
374,4,5,5,4,3,5,64000.896198346294,2
1065,5,5,7,3,1,4,65963.80035653301,4
1805,4,4,4,2,3,3,57702.332204712424,3
603,4,3,4,2,3,3,87323.66869255234,2
260,4,3,7,4,2,5,68751.1283851841,3
1708,6,5,5,3,2,3,56935.10087281728,2
1950,7,2,6,3,1,5,48477.39346638018,4
2095,5,5,6,2,1,3,71030.56436262677,3
1369,7,5,4,3,2,3,36081.13784452052,3
1868,7,4,5,3,2,5,75608.61286239186,3
1706,5,3,6,2,1,3,68595.64068303206,2
2545,4,4,6,2,3,5,39455.70769727109,2
1801,6,2,7,2,1,3,66408.23343582352,4
1842,6,5,7,4,2,3,66881.35844387136,2
2322,5,3,5,4,1,4,45462.01831940636,4
2113,7,2,5,3,1,4,61958.988151753525,3
1427,5,2,4,4,1,5,55635.616731174414,2
1529,7,4,6,3,2,4,46928.31309804541,4
1285,6,2,6,4,2,5,50788.60015362771,3
520,7,5,4,4,1,3,50768.65947138831,3
342,7,4,7,2,2,5,56044.85609422888,4
1523,7,5,4,4,2,3,56389.773995067146,3
2188,6,4,6,4,2,4,49003.85790926624,2
2299,7,2,6,4,2,5,71162.84103210278,4
965,5,5,6,3,2,5,46759.797116406306,3
124,5,5,6,2,1,5,53524.7660209157,3
2294,6,2,7,4,2,3,61522.84404116041,2
1441,4,2,5,3,1,5,62602.87881496081,2
1551,5,3,5,2,1,4,52447.741925856084,4
257,5,4,5,3,1,5,78260.51992994804,4
2594,7,3,6,4,2,3,66082.28236267167,4
120,6,5,7,2,2,3,59508.05698924264,2
2452,5,5,7,3,1,5,61920.94032111145,3
875,4,2,6,3,2,5,56762.24206959035,3
969,7,3,6,3,3,4,53496.95995303358,2
2780,5,5,4,4,2,3,63457.28643810387,3
568,5,2,7,3,3,4,35707.59836791663,2
2816,6,3,6,3,2,5,57910.75838486112,3
2012,7,3,5,3,3,3,44960.37574530677,3
231,4,4,4,4,3,4,55019.435150475474,3
2941,4,3,5,4,1,3,46017.291695830725,3
2736,7,2,5,4,2,3,69776.90930277007,4
787,5,5,7,2,3,3,41454.008135164855,3
2420,7,2,7,3,3,4,60530.37401972569,3
2258,7,2,5,2,1,3,37207.161606863214,3
450,5,4,5,2,3,3,54341.7512332054,4
375,4,5,5,2,1,5,53423.9054494585,2
195,7,3,6,3,2,4,58290.43826875061,2
771,7,3,6,3,2,4,42042.08681540469,3
2075,7,3,4,4,1,4,58950.85293354568,4
631,4,3,6,2,1,5,64352.44139876584,3
43,5,4,7,2,1,3,57285.798670930955,3
2840,5,4,4,2,3,3,48329.02882997095,2
1829,7,2,6,3,2,5,68902.04122549017,4
2811,6,2,4,2,2,4,56760.23079009861,3
2539,7,4,4,3,2,4,77836.51282531547,2
1709,4,2,6,4,3,4,58449.260361099005,4
2569,4,5,5,4,2,4,56693.25704906668,3
42,5,4,7,3,3,5,74038.354352582,2
439,5,3,7,4,1,4,43679.75543230104,2
2967,7,3,6,4,1,5,61114.116329841396,3
86,6,5,5,3,3,5,39418.740454064115,4
712,6,3,4,2,2,3,54020.811430054884,4
552,4,2,6,4,2,4,48960.593518466914,3
2291,5,5,6,3,2,3,39561.76140169453,4
2446,7,3,6,3,3,3,58391.24612620273,3
1042,5,3,4,3,2,5,57847.752481997566,2
162,6,2,6,4,2,5,59658.14955137711,4
1051,4,5,4,3,3,3,61518.301826905554,4
2359,7,4,7,4,3,4,57311.92600447111,3
356,5,3,5,3,3,3,66728.49402971719,2
1608,7,4,7,3,1,4,56455.09048755611,3
1962,4,3,4,4,2,4,74728.25101906556,4
909,4,4,5,3,3,5,35543.297671619075,4
1225,7,2,7,4,3,3,72805.86644560497,3
1253,6,2,5,4,1,4,52292.565075563834,2
607,6,4,6,3,2,4,74112.09112300532,2
1182,5,2,5,3,2,3,47539.30702399089,4
1905,4,4,4,2,3,3,66227.65613282491,2
2758,5,5,7,3,2,4,51975.87881654447,4
2011,7,3,7,3,2,3,50084.44794893441,3
2365,6,2,5,2,2,5,53953.930324717265,3
1926,6,2,5,3,1,4,38777.74549876759,4
2412,4,3,6,4,2,5,86687.69804529042,3
1064,6,2,6,3,1,4,52386.30973474541,3
1525,4,3,5,3,1,3,62110.07744316239,3
3000,5,4,6,3,3,4,61683.17996795559,3
1534,5,2,6,3,1,3,55077.70410502823,2
2354,7,5,4,4,2,3,49085.67585022159,3
1925,6,5,4,3,2,4,52488.163195703295,2
870,5,4,4,4,2,4,70313.448200871,4
1448,6,2,6,3,1,5,66507.20118791219,4
2861,7,4,5,2,2,4,63194.2600494153,2
114,5,3,7,4,1,3,60177.25064421783,3
595,5,4,7,2,3,5,61536.33458040295,4
725,5,3,7,2,1,3,61848.43521112376,3
1344,5,2,7,4,3,4,46252.75138234718,3
1586,7,4,4,3,3,3,61186.04189649854,3
459,4,5,4,4,1,3,69112.77571512529,4
1002,6,2,6,4,3,5,71702.17873965506,2
85,5,4,4,3,3,3,52106.66142182381,3
2690,5,5,5,2,3,4,64835.845711142756,4
2476,5,4,4,4,1,5,61058.778282119056,2
544,6,2,6,3,1,5,76763.7366269597,2
136,6,4,5,4,1,5,58841.90151217895,4
1050,7,3,7,2,1,4,62690.593130323694,4
1413,6,2,7,4,1,5,66627.72773065523,4
2053,4,3,7,4,2,5,68459.82357841496,3
858,5,4,4,4,3,4,71805.92203337858,3
351,7,2,4,4,1,3,42751.38875157572,3
1380,5,2,6,4,3,5,60781.77446440338,3
1389,4,3,4,4,1,4,50473.6911757445,4
259,6,2,4,2,3,3,72782.36505696202,3
541,7,2,5,3,2,4,67391.08198929981,3
1541,5,4,7,2,3,3,59353.32705295612,4
2940,5,4,6,4,3,5,46324.7989728281,4
956,5,2,6,4,3,5,68672.0475650655,4
1918,5,5,5,2,3,5,60075.904326163174,4
1618,7,3,6,2,2,5,65358.60157898672,3
1274,6,5,7,2,2,3,66565.82611436426,3
2416,6,5,6,3,2,5,55020.454128435915,2
148,6,5,6,2,1,5,59462.64843884475,3
788,7,3,5,4,1,4,61124.085304707136,2
2478,6,3,7,4,1,3,51758.71860521862,2
1100,6,5,6,3,2,5,64839.73942539988,4
1287,6,3,5,3,2,4,71332.74174200736,2
731,4,4,6,4,2,4,73021.60509819667,3
2703,5,4,7,2,2,4,65929.57974596677,2
1605,6,3,4,2,1,5,63797.93961297347,2
2281,6,5,4,4,3,4,64144.11602437251,2
2000,5,3,5,3,3,4,69408.28125995,3
2124,6,2,4,3,2,4,77042.69425041384,2
1119,7,5,6,2,2,3,70138.20939898747,2
2481,6,2,6,2,2,5,55888.55139187167,2
1565,5,4,5,3,3,5,64350.973981629715,3
267,7,5,4,3,2,3,63795.48394866326,2
1093,7,5,4,2,1,5,70254.150996526,2
2990,6,5,5,2,1,5,54734.06910166934,3
1836,5,4,5,2,2,5,77967.12521940714,3
2520,4,4,4,2,1,3,53626.516892806496,2
109,7,5,7,4,3,4,46330.60725302888,3
803,5,5,4,4,1,5,94272.50909365539,4
842,5,3,7,3,2,3,52991.97993622956,2
1764,7,2,5,4,3,3,51145.1233943065,4
2952,4,4,7,4,3,3,39895.42220565058,2
2946,6,4,5,4,1,5,60772.104428356244,4
903,5,4,6,2,1,4,60494.045655245834,4
827,7,4,4,2,2,3,70324.33275610517,3
953,4,2,7,2,2,4,58433.52052912071,2
1191,4,3,4,4,2,5,72544.98995577561,2
1602,7,2,4,4,3,4,71142.31271387782,3
482,4,5,6,4,3,4,60330.09324076468,2
311,6,5,6,2,2,3,53523.554578702984,3
1208,5,2,5,2,2,5,59135.36412210636,2
863,5,4,5,4,2,5,51612.25842243114,4
2937,5,4,6,4,1,4,60934.75641670249,2
404,7,4,4,3,1,3,57803.13446751281,2
1832,6,3,6,4,3,5,69697.85807059439,4
333,5,2,6,2,2,5,46198.09003176372,4
679,6,4,7,4,3,5,75228.50336930793,3
821,4,5,6,4,1,5,58356.82705826677,3
2304,7,2,6,4,2,3,71693.6487809141,3
158,5,3,4,3,1,4,54915.86582259241,4
2065,5,2,5,3,2,3,68511.37106680746,4
2785,7,2,7,4,1,3,70636.41809313599,3
296,6,4,7,3,3,3,41540.892630565955,4
780,6,2,6,4,2,3,45211.20370894534,3
1212,7,2,6,3,1,4,52030.12900361529,4
2436,4,2,6,4,3,5,69621.28869219916,4
743,7,3,7,4,3,4,60849.06123611376,3
877,4,4,7,4,2,5,58610.6660069397,2
1777,6,4,7,3,1,5,66673.78724731957,3
1073,4,3,4,3,1,5,59462.34605468826,3
307,4,4,5,2,2,4,63159.08965797008,2
2152,7,3,4,2,1,5,55994.5515171763,3
717,6,4,5,4,3,3,81338.089167521,4
1387,7,2,7,4,3,5,37267.09448697248,2
2612,7,5,4,4,3,5,64808.588041835705,2
2441,4,4,4,2,1,3,38988.912567260326,4
2559,6,2,6,2,2,5,85301.04929884785,4
1906,2,4,1,4,6,2,71911.44910490091,0
501,1,4,1,2,6,2,40856.81965287001,1
1329,2,2,3,2,7,3,36907.05070970043,1
1488,2,2,2,5,5,3,48941.038110232024,1
2922,2,2,1,5,6,4,52780.21691793499,3
2388,2,4,1,5,7,2,59091.953663129934,3
1153,1,4,1,3,7,3,28303.948488419162,2
2634,2,4,2,4,6,2,72042.80019868603,2
2572,1,4,1,2,4,2,78261.01579490223,2
1350,1,4,3,3,6,3,60165.93017198135,1
2001,2,3,3,2,4,2,43450.13110224141,3
410,2,3,3,5,4,4,44323.52629157568,3
1783,1,3,3,4,7,3,49270.93871753061,2
2961,1,4,1,3,7,2,29037.437456484397,1
3002,1,3,3,5,6,3,12848.929938614663,2
2363,1,2,2,2,6,2,18503.4973006666,0
1361,1,3,2,2,5,4,21656.270931045958,1
2892,1,2,3,3,6,4,33483.53878825328,2
2608,1,2,3,3,6,3,49522.95385276145,2
1548,2,3,1,3,6,4,61120.519858564585,3
2024,1,4,2,5,6,2,56243.416495817015,2
1822,2,2,3,4,6,3,56115.45846992101,0
2691,2,4,1,4,6,4,58132.326677458186,1
759,2,2,3,5,7,2,17994.038567094096,2
724,2,2,1,3,5,2,50509.93366858085,1
2449,2,3,1,5,5,3,33048.57347893936,3
2665,2,3,1,3,6,4,40642.21449009417,3
2490,2,3,1,5,7,4,40394.58060092918,3
2303,1,3,1,5,7,2,38398.424400694494,3
1022,2,2,3,5,5,4,54159.013590345945,2
2819,2,3,1,3,5,4,47581.46044881725,0
1988,1,2,2,5,6,2,7831.621149700644,3
2860,1,4,3,2,6,4,40866.170441055125,0
2263,2,4,2,3,4,3,54231.06109439901,3
1157,1,4,1,4,4,4,13924.49624204501,3
730,2,4,3,3,5,4,26935.729413096822,2
1054,2,3,2,5,4,3,45798.91530578909,2
2406,1,2,2,3,4,2,23424.383672794138,2
706,1,2,1,3,5,3,44596.799564844965,1
991,2,4,3,3,5,3,45832.38862236636,0
428,2,3,1,5,5,4,4509.770031361324,3
719,1,3,1,3,7,4,16250.401950611064,2
1654,1,3,2,4,4,3,19164.874160562627,2
2593,1,2,2,3,5,2,12261.04213561321,3
538,1,3,3,5,7,4,46195.59246602779,0
224,1,3,1,4,6,2,36583.70109085105,2
1659,2,2,3,2,6,4,69701.84888335226,0
178,1,3,3,2,6,2,41930.59837485439,1
369,1,4,1,3,7,4,43543.82233841056,1
1807,2,2,1,2,5,4,25467.13440140974,3
1255,1,4,3,3,7,3,49103.1487764808,0
511,2,3,2,2,6,4,26292.99144998072,3
533,2,4,1,3,5,3,43900.86598981599,0
2041,1,4,3,4,5,4,71210.44717725684,0
2343,1,3,3,2,5,3,48883.93009371584,3
362,1,2,3,4,5,2,37610.879144942075,1
2710,1,2,3,5,5,3,14854.631053095265,1
1405,1,2,3,4,7,2,34452.20654055255,2
2751,2,3,3,5,5,4,52740.53785574825,2
2994,2,2,1,2,5,4,69605.34684366602,0
1646,2,4,1,5,5,3,22951.018855302536,1
2047,1,2,1,5,5,3,42054.86611043457,2
2884,2,3,1,3,7,4,39418.757974435066,3
1513,2,4,2,5,5,2,36704.20445597428,1
1116,2,4,1,4,5,2,28350.16542467079,2
2184,2,3,3,2,5,3,32781.830588574885,3
899,1,2,2,3,6,3,60709.58648319129,2
2020,1,2,3,4,4,4,31107.393630290888,1
1486,1,3,2,3,4,4,31771.981081803864,1
2504,1,2,2,5,5,4,45040.78722395131,2
831,1,4,2,2,6,2,30206.792474158778,0
1960,1,2,1,4,7,3,41163.76408433763,0
1531,1,3,3,5,5,3,27292.30685228845,0
1474,1,4,3,3,4,3,30034.53454733227,2
2836,2,3,1,2,7,2,36117.203960444254,3
856,2,4,3,5,4,3,67708.7210490515,0
3031,1,3,2,5,7,4,66322.15553512704,3
1915,1,4,3,4,6,3,38773.47256229804,2
2755,1,4,2,2,6,2,33179.151675992485,1
2430,2,3,2,2,6,3,6629.812401730596,1
819,2,4,1,4,5,2,65641.36018238778,1
293,1,3,2,5,7,3,48288.89625015356,0
2344,2,2,3,5,7,4,36200.551663532526,3
2797,1,2,2,2,6,2,46922.95133978747,3
1518,2,2,2,4,4,2,55168.69304301752,3
1245,1,4,2,4,5,2,53205.50655240058,0
2480,1,2,3,3,7,3,16032.566578726331,2
383,1,2,2,3,5,3,38306.24923720762,0
2485,2,4,1,3,7,4,31197.290929818882,0
2264,2,2,1,2,6,2,32550.488514059154,2
2502,1,3,3,2,4,4,80210.00624562577,3
364,2,2,2,5,6,4,69180.46812934763,3
2224,1,2,2,3,4,2,69508.54269026907,1
288,1,2,2,5,7,3,47512.58064620235,3
2935,2,4,2,2,6,4,77719.7073754151,3
1376,1,3,2,3,4,2,12441.386451633436,1
729,2,2,1,4,6,2,48476.63117258949,0
65,2,4,3,4,5,3,30559.751086642464,0
1735,1,4,3,2,7,3,11386.02042690638,2
2626,2,2,2,3,6,3,40462.66833468111,1
1414,2,2,2,5,7,2,40457.51783740963,1
365,1,4,1,3,4,3,39931.49957421404,3
1672,1,2,2,3,6,2,30896.908794869443,0
913,1,3,1,4,5,2,34803.79950107488,3
765,2,2,3,3,7,2,38820.55129537933,0
2938,2,2,1,3,7,2,44522.06988148465,3
2055,2,3,3,4,5,3,31762.04427429002,3
2944,1,4,2,2,6,3,21277.846230738633,0
1400,1,2,1,5,4,4,29439.206463068153,3
2312,1,4,2,5,5,2,55917.21518831645,0
1597,2,3,2,4,7,4,57015.99821839377,0
2749,2,4,1,2,4,4,39246.851779231816,2
1858,2,4,3,4,5,3,69523.15150407472,0
529,1,2,1,3,6,2,17999.81902395165,3
2371,1,2,2,2,6,2,58913.611406155505,2
1819,1,4,1,2,6,3,59884.00174012788,2
2042,1,3,2,3,6,2,66114.33726949104,0
773,1,4,3,3,6,3,66047.1319690445,1
2160,1,4,1,3,7,4,26933.42469056829,2
306,1,3,2,4,5,4,30824.134367503924,1
2800,1,2,1,4,5,4,49920.720541501534,1
769,2,4,3,2,4,3,31626.496654642724,2
593,2,2,2,2,7,3,40846.98945768911,3
2272,2,2,2,2,6,3,38156.58811889429,1
2315,2,3,3,2,7,2,25342.65936169603,1
2953,2,4,2,4,6,2,47697.983073619405,3
1561,1,2,1,5,7,4,68132.9908146462,1
852,2,3,3,2,7,2,58823.42339293112,0
2346,1,3,2,5,5,2,57253.79653664529,3
2332,2,3,2,5,7,2,41971.20517378314,3
2153,1,2,2,2,6,4,41002.02603373251,2
1762,1,4,1,3,4,4,86210.82224817947,1
302,1,3,3,2,6,4,45138.402563897565,0
175,1,3,2,5,6,4,43355.264009331535,0
951,2,2,2,3,6,3,42287.82045965079,0
2493,1,3,2,3,6,2,30591.52614030923,3
1432,2,3,1,5,5,4,58143.85510579882,1
637,1,2,1,5,5,3,14941.228804183622,2
2271,1,2,3,5,6,4,1244.589559732165,0
838,2,2,3,3,7,2,82499.39039012251,2
1379,2,2,2,4,7,2,31720.41621826511,2
754,2,3,1,3,5,3,24586.81309775221,1
778,2,3,2,4,6,3,40989.501106691256,2
2878,2,2,2,2,5,2,24418.450547457367,0
427,2,2,3,3,4,4,32838.36162076835,0
1057,2,3,1,4,7,3,42411.22696784431,0
1198,1,2,3,4,5,4,64921.759388154715,0
2133,2,2,1,5,4,3,47778.666548905545,3
657,2,2,1,4,6,4,36411.53397113828,0
793,1,2,2,4,6,4,30871.979812366306,0
820,2,3,1,4,6,2,42759.64228179501,0
2396,2,4,2,4,6,3,46578.6281776662,2
77,2,2,1,5,4,3,8529.601829734558,0
1669,2,4,1,4,4,3,47392.52000883146,2
1237,1,3,3,4,7,3,44669.402279482085,2
2061,1,2,3,5,5,4,38378.42605543779,3
598,1,2,2,4,4,3,42043.3958099781,0
1238,1,3,3,5,7,3,61036.14349304101,0
110,2,3,2,5,5,2,26888.519599438907,2
299,2,3,2,3,5,3,55746.62897755085,0
1850,1,2,2,3,7,3,25602.03386960952,0
1655,1,3,3,3,6,4,45842.77024410992,2
2954,1,3,1,2,5,3,36181.81057923019,1
278,2,4,3,3,5,3,28907.787194524542,2
2820,2,2,3,3,5,3,28990.09181079285,1
1431,1,4,2,5,6,3,982.4412659752998,3
2673,2,2,1,2,7,2,51366.628816800425,1
2959,2,4,1,2,6,3,53009.530451777246,2
165,2,3,2,3,6,2,58884.257352825065,2
3038,1,4,3,4,5,2,31978.13798902325,3
129,2,4,2,5,7,4,34401.333436569505,1
2442,1,4,1,3,7,2,38741.14050220729,0
2455,1,2,3,2,6,2,37054.42414561872,0
1722,2,2,1,5,6,3,52330.121201723625,2
1272,1,2,2,3,5,4,43975.77145361715,0
621,2,4,1,4,7,3,33093.24564460733,2
751,1,3,1,4,6,2,73558.89511884762,0
880,1,2,2,5,7,2,470.0518482671323,0
2489,2,3,2,3,7,4,24985.965449161216,1
1903,1,4,1,4,6,3,6875.202521770232,2
737,2,4,2,5,4,4,40423.29431376427,2
1188,2,3,2,3,6,4,48936.50131300903,0
1187,2,4,3,2,5,2,26311.665098946716,2
1726,1,3,3,3,5,3,40158.06202946659,1
1952,1,3,3,5,7,2,50322.212095106566,0
1265,2,4,1,4,5,2,23990.53334801061,1
1715,1,3,2,5,7,3,27880.38208375783,3
1129,1,3,1,2,4,4,40961.17663558144,0
2316,1,3,2,4,5,3,60048.523032380814,2
2080,2,4,2,2,6,3,36720.744991650674,1
836,1,3,3,2,7,3,50338.59989371454,2
2790,2,2,1,4,5,4,61087.30952466675,1
419,2,2,1,4,7,4,45037.46821279861,3
131,2,3,3,3,5,4,45771.39201397191,3
2401,2,2,1,4,7,4,38018.96080445592,3
1480,2,3,2,4,4,3,57166.40585907399,0
1982,1,2,1,2,6,4,34017.11319747777,2
2605,2,4,3,4,4,2,29192.117130255407,1
2235,2,4,2,3,6,2,31059.554384584975,1
2597,1,3,3,2,5,4,35169.59409254018,3
1371,1,3,1,5,7,4,29495.497477191297,2
1181,2,4,2,4,4,3,75044.41694745202,2
1172,2,3,2,5,4,3,66168.25802409697,3
263,2,2,1,3,7,4,60183.485692452654,1
1993,1,4,2,4,7,3,62549.04234006956,2
218,2,3,1,3,5,2,42358.3500095331,1
1131,1,4,1,2,6,3,50655.85106707521,1
536,1,4,1,5,5,4,28845.24962279434,0
2942,2,4,3,2,6,3,24418.45582730974,1
210,2,2,2,5,5,2,58359.433313830596,1
3023,1,4,3,5,4,4,32412.79903945364,3
453,1,4,3,5,4,4,76267.10667774349,3
149,2,2,3,4,7,3,69800.4022623121,1
2607,1,4,1,3,5,3,50416.56508510608,3
1806,1,2,3,5,4,2,59091.75629403599,2
424,2,4,2,3,6,3,990.893854608039,0
1273,1,4,2,2,4,2,18465.614713339586,1
1789,2,2,3,2,6,2,54769.35457281208,3
58,2,4,3,5,7,2,69494.26229667295,3
1758,2,2,2,2,7,3,30515.814385554255,2
2040,1,4,3,4,5,2,26558.13876618234,0
1970,2,2,2,2,7,4,45012.396616869155,3
1975,1,4,2,2,6,4,49950.97568801699,2
487,1,2,3,4,5,3,67334.94460415829,3
2089,1,3,1,3,7,2,16945.11643068057,3
1932,2,2,3,5,4,4,53430.58037363812,2
1509,2,2,1,3,5,2,31035.927501639868,0
83,1,4,2,5,6,3,27369.098632392466,0
1843,2,3,1,5,5,4,31226.59421402717,0
2968,1,3,3,2,7,2,42650.05517674642,3
2779,1,3,3,2,4,4,54828.92537930918,1
2091,2,4,2,5,7,4,65939.80980808786,3
1465,2,4,2,2,5,4,29740.385930069027,0
204,1,2,3,3,5,4,39674.10748210426,1
600,1,3,3,2,5,3,50525.92766687553,2
2369,2,4,2,3,7,4,22333.802016748148,0
527,1,3,2,3,6,4,48480.48396179705,1
551,1,3,3,5,5,3,24427.27875882786,0
2924,1,2,3,2,7,2,40402.68316240883,2
1152,2,2,2,3,5,2,42463.100481299,3
920,2,2,2,3,4,2,66205.75323074276,3
2276,2,3,3,5,6,2,11379.878139654113,0
1156,2,2,2,5,6,3,57382.738536241064,1
1839,1,3,3,2,5,2,38736.44691073797,0
1261,2,4,2,5,6,3,50755.72224789217,2
507,2,4,1,4,5,4,58298.90379310982,0
1984,1,4,3,3,4,4,67454.316470132,1
405,2,3,2,3,6,4,67842.2981139494,0
2477,1,3,1,4,5,2,75493.66883085233,3
3008,2,3,2,3,7,4,59466.699147349966,1
1107,2,4,2,4,6,4,51562.89709195287,1
1173,1,2,3,5,5,4,39670.12959808883,0
2360,2,3,2,3,7,4,46710.53176398527,1
841,2,4,2,4,5,4,58434.814407604,3
197,2,3,1,4,5,2,26534.50593865307,1
837,1,3,2,2,7,4,28659.3847365957,0
1246,1,3,2,3,4,2,18734.144279173,3
1161,2,4,2,3,5,4,86432.98557017681,3
799,2,3,1,4,5,2,52385.14697190448,0
1716,2,3,2,5,6,3,14198.691390495394,1
1566,2,2,1,5,7,2,20426.233598319828,0
1753,1,2,2,2,6,4,58591.186447706714,3
2573,2,2,3,5,6,4,50250.109918944276,0
2515,1,3,2,3,7,2,38723.0407174891,3
1487,1,4,2,5,5,2,19451.19996891125,2
2842,1,3,1,5,4,2,9273.0023753001,3
2435,1,2,2,5,5,4,50392.20659142318,3
2096,1,3,1,3,6,2,44500.59375409264,1
1743,1,3,2,3,6,4,61730.903963178396,1
709,1,4,2,4,4,3,43994.63722922474,3
1005,1,2,2,5,7,4,45268.85225614619,2
1679,1,2,2,3,7,4,42758.810611671164,0
1034,2,3,3,5,5,2,65285.89080027626,1
2088,1,3,2,4,7,2,36140.7041299884,1
1365,1,3,1,4,4,2,25361.873950025532,0
1965,1,4,3,3,6,4,2786.8633199640535,2
147,1,2,3,3,4,2,52154.537828136155,3
2552,2,2,2,3,6,2,70333.69964071212,2
1803,1,2,1,5,4,4,9673.612243851749,2
1635,2,2,1,5,4,4,57850.794034607694,2
2250,2,3,2,4,4,3,53208.32198005357,3
941,2,4,2,4,4,4,8893.21875912309,1
919,1,3,1,2,6,3,41241.53493917692,3
2078,2,3,2,5,5,3,41084.66163913893,3
2112,1,2,1,2,5,3,36242.94606569799,1
1800,1,4,1,4,5,2,38139.9496920914,0
892,2,2,2,2,7,4,27208.713727566643,1
414,2,3,3,3,7,3,44942.36393980056,0
1567,1,2,2,4,4,3,50089.08402671921,3
1866,1,2,1,2,4,2,53549.47780318504,0
207,2,4,3,3,5,2,57158.58617256793,2
1270,2,3,3,3,7,2,40347.52625944868,1
1312,1,4,3,2,7,2,40551.100496445404,1
3027,1,3,2,5,5,3,33996.05437133108,1
1955,2,3,2,4,4,4,59331.56452803497,0
2507,1,3,3,3,7,3,6398.994087970619,2
1804,1,3,3,4,4,2,24066.478669064734,2
192,2,2,3,4,5,3,45463.85701084534,3
2183,2,3,3,2,5,4,35620.95045049554,1
2467,1,4,3,3,6,4,57530.67143130986,1
639,1,4,2,2,4,2,39696.30790168946,2
2739,2,4,1,5,7,3,14325.977935115523,1
2627,2,4,3,3,5,2,50935.79251614172,1
113,2,4,3,4,7,4,44548.25670201342,3
440,1,4,1,2,7,4,31870.878832478782,2
726,2,4,1,2,6,4,24455.231718365216,0
1132,1,3,1,3,6,3,15218.870534390793,2
908,2,3,3,4,4,2,25274.1655095565,3
2528,1,4,3,5,4,3,35767.586583871656,1
1097,1,3,3,4,4,2,27676.84637989092,0
1168,2,2,3,4,7,4,45678.40296020775,2
1533,2,4,3,4,6,4,24076.741275457338,1
1934,1,3,2,2,7,3,48559.053680761186,2
823,1,3,1,3,7,2,8766.506075969366,1
312,1,2,1,2,5,2,54771.1572227367,0
1713,1,4,1,5,4,4,26174.50276125397,0
922,1,2,2,5,5,2,50989.733468964034,0
770,1,2,1,4,4,2,65793.2550001672,0
554,2,3,3,5,5,2,48822.58298429113,0
702,1,3,1,4,7,2,61970.08180180345,2
1658,1,2,3,4,4,2,52967.810689352096,0
879,2,4,2,5,6,3,31489.290836076143,3
790,1,4,3,3,7,3,40227.14024867696,3
2943,1,4,1,5,5,3,52173.18073352251,2
1512,2,3,3,3,5,4,24005.68649624537,3
2109,1,4,1,3,6,3,53401.16609376521,2
2981,1,3,1,2,4,3,39549.86086961774,1
2527,1,3,2,3,4,4,49083.40464483633,3
1665,2,2,1,5,4,2,51592.92878967188,2
2456,1,2,1,4,6,3,29351.790629686322,1
1521,1,3,1,3,4,3,41958.031696724145,1
1040,1,2,2,4,7,3,27978.186096801877,0
3037,2,3,2,2,6,4,50034.133471475245,2
692,2,2,1,3,7,4,40371.81900668621,2
59,1,2,1,5,4,2,43464.62515690743,1
277,1,4,3,2,4,2,43638.294838418136,3
2748,1,2,3,4,4,4,34744.693563742425,2
1788,1,2,2,2,4,2,54912.772615331174,2
1870,2,3,1,5,5,3,27009.190969300544,0
1033,2,3,2,5,5,2,70000.38509136389,2
2538,2,3,2,3,6,2,68188.74698024454,1
2723,1,2,3,2,5,2,56029.796031694736,0
2324,2,3,2,5,7,2,63891.07322086331,2
1422,2,4,3,2,7,4,33087.06209358523,3
1349,2,4,3,3,6,4,55455.3656641024,0
1549,1,3,1,3,4,2,52181.31068164007,1
2194,2,3,3,4,7,2,49863.85025460916,3
2140,1,4,1,5,6,2,36400.10211942722,1
2985,1,4,3,4,7,4,39247.12576397045,3
944,1,2,2,3,4,4,25798.91344488179,2
1382,1,3,3,3,5,2,25210.92938345426,3
1727,2,2,2,3,4,2,65001.509243166336,1
2471,2,3,1,2,5,2,30922.924792307393,0
376,2,2,2,5,5,4,62273.62829130149,0
1644,1,3,2,2,5,3,22233.47344160298,3
2236,1,2,3,3,6,2,93091.45969552422,2
1653,2,4,3,3,4,2,55735.391555824135,0
452,1,2,2,5,6,2,47080.01810204412,1
2767,1,2,1,4,6,2,36890.69836114459,3
964,2,4,1,5,7,2,29065.86857110069,3
2659,2,4,2,3,4,2,35732.05775843212,2
2092,1,3,1,4,4,3,46154.89254837895,2
1936,1,4,3,4,5,3,39243.538716734205,3
1277,2,3,1,2,6,4,17351.316389944237,3
180,1,4,3,2,7,2,32815.28696040843,0
882,1,4,1,3,4,2,36019.19998890636,3
2622,1,2,1,5,6,4,69481.8250871835,1
1190,1,2,3,5,4,3,8412.09271359889,3
359,2,4,2,4,7,4,58775.399585624524,3
1933,2,2,2,2,4,3,44099.997108028416,0
2854,2,2,2,4,7,2,25238.56516213177,3
682,2,3,3,3,6,3,51211.1853611167,2
1907,1,4,3,4,6,2,59769.90848960798,2
2308,2,4,2,5,5,3,39327.812272987285,3
1435,1,3,2,4,7,4,36331.0020227751,3
1229,2,3,1,5,7,3,12366.66845463985,2
1769,2,2,1,4,7,2,30116.148120250167,1
3024,1,3,1,3,6,4,47450.92225667106,3
244,2,3,3,2,5,3,63321.06930049964,1
1719,2,2,1,3,4,3,43446.2306755233,3
1258,2,4,3,4,7,3,51449.34515116477,1
1090,1,4,2,5,7,2,34228.88986787897,3
2670,2,3,2,5,6,4,22910.781796369247,1
1580,2,3,2,3,4,3,27690.72835574574,0
2256,2,4,1,4,5,4,13994.303175804911,0
1109,1,2,2,4,6,4,40148.23040163832,0
282,2,2,2,2,7,4,47052.23419896647,1
1021,1,3,3,3,4,3,20142.839000134234,3
1791,2,3,1,3,4,3,55439.338175923476,0
2045,1,3,3,2,5,3,59447.787249830806,3
2600,1,2,1,2,6,3,43639.23662250736,0
1636,2,2,3,4,4,2,25439.74462716325,0
1232,1,4,2,4,7,2,36903.01602805927,0
1446,1,3,2,3,7,2,36526.93670820009,0
1978,1,2,3,2,5,3,35131.62327363961,2
2744,2,2,1,2,5,4,49285.70749165056,2
370,2,2,2,5,5,4,16922.848877376524,2
1106,1,2,3,5,6,3,76582.7819157762,2
2048,2,4,2,3,6,3,27484.05081937061,0
1437,2,3,3,4,7,4,33142.21018386435,3
2003,1,2,3,3,4,3,28738.768414376267,3
1537,2,4,3,5,4,3,51326.98496031924,3
1558,1,2,3,5,6,2,54847.12420038333,0
1862,2,3,3,5,7,4,58484.523110061564,2
982,2,2,2,3,5,2,57826.04175621122,0
2336,2,2,1,5,7,3,45554.83739518907,0
1041,1,4,3,4,6,3,34589.64488664835,1
720,1,2,1,4,4,2,26702.56113147024,0
1973,2,4,1,5,6,4,44377.1602287682,1
1417,2,3,2,2,6,2,55658.56522638527,0
3020,1,2,2,5,5,3,58008.79140510225,1
1711,2,4,1,4,7,3,60037.588693650876,2
1070,2,2,3,2,7,2,34120.594569022265,2
872,2,3,2,5,4,2,63296.423709426614,2
1045,1,4,1,5,5,2,29403.441272672957,0
2866,2,3,1,2,7,3,77979.3788103625,1
1670,2,2,2,2,7,3,31987.131640989952,3
75,2,4,3,4,4,4,38047.27130026496,2
946,1,3,3,5,4,4,28480.316394793655,2
1150,1,4,3,3,6,3,74369.89498225995,3
916,2,3,3,2,7,4,38870.699043069944,1
1320,2,2,1,5,6,2,44976.5203942076,1
167,1,4,3,5,7,3,27111.879220420014,2
1507,2,4,2,4,5,2,57731.76691849224,3
1317,1,2,2,5,6,2,9652.506895763407,3
3032,1,4,2,5,4,4,58372.410332800275,0
2848,1,4,2,2,5,3,49822.67596131704,0
1372,1,3,1,4,5,2,69711.6567393777,3
948,2,4,1,4,4,2,59912.85341992469,0
423,1,2,1,4,6,4,33300.846870707006,1
2102,1,2,1,5,4,2,42360.186906456816,0
1502,2,3,3,5,4,3,37447.21361360529,2
2221,2,4,3,4,7,2,46795.33300257079,1
1900,2,4,3,2,7,4,36304.55596796168,1
2046,2,2,2,4,5,2,62826.95093263728,0
859,2,2,2,3,5,2,46070.90274826452,2
2459,2,3,1,3,4,4,35102.06053306334,3
1607,1,2,3,5,5,3,81356.26721279102,0
2592,1,3,1,5,4,2,25060.24173614296,0
703,2,3,2,2,6,4,37704.91736458178,2
2542,1,3,2,4,5,2,64758.46697812241,0
1957,1,2,2,3,5,3,37091.69441936385,1
2853,1,2,1,3,6,2,66891.14815563113,0
1877,2,4,2,3,5,3,62729.920223907335,0
358,1,4,2,3,7,4,54071.950086689474,3
2588,2,3,3,3,6,3,58914.10643502546,0
2700,2,3,2,4,5,3,15043.628732343961,0
151,2,2,2,4,5,4,43822.13321354269,0
266,1,4,1,4,4,3,46609.62748732837,3
1310,2,4,3,4,4,3,13820.388112174176,3
1366,1,3,2,4,7,2,41784.48004218089,2
1318,1,3,1,4,5,3,45831.97167454516,1
1438,2,2,1,4,6,2,53742.89615770733,2
1581,1,4,1,5,6,4,41972.119279637904,2
1787,1,4,1,5,6,2,74325.10653344975,3
535,1,3,2,2,6,4,49904.0130849144,0
1696,1,2,2,3,7,2,65838.45806411667,1
116,1,2,3,2,6,4,46542.962190268096,3
2021,2,3,1,2,4,2,40667.021638801045,1
343,2,2,1,5,6,4,46278.94769918287,1
1593,2,2,3,2,6,2,51335.19150214129,3
1288,1,3,3,4,6,2,25231.370491810158,3
2586,1,3,3,3,5,2,28930.029821712982,2
961,1,4,3,2,5,4,33775.87338557935,2
1855,2,2,2,2,6,3,39642.7864461089,2
1838,2,4,2,2,7,3,51873.74859071846,3
2873,1,2,1,4,7,4,47474.48937606992,0
784,1,2,3,5,5,3,30232.18189622397,2
135,2,2,2,2,4,4,74187.01098795643,0
772,2,3,1,4,7,3,47230.46178552796,2
377,2,4,2,5,5,2,34131.16283118973,1
840,2,3,2,5,4,2,32538.601771029324,2
154,1,4,2,2,5,3,43210.82980930793,2
605,2,3,2,5,7,3,45472.47944078051,1
2327,2,2,3,2,5,2,9271.721463285437,2
2845,2,3,1,2,7,4,28039.156840571522,0
1875,2,2,3,3,4,2,71108.89533993731,2
2007,2,4,1,2,7,4,14040.260801045759,0
1479,2,4,3,2,6,4,51076.12558018175,2
878,1,2,1,4,5,2,5792.096930908832,3
2711,2,2,2,5,7,3,48133.98578821913,3
576,2,3,1,4,5,3,39550.16629658826,1
2630,2,3,3,4,5,4,3647.264291739695,1
2920,2,4,3,3,6,2,83289.06182188111,0
1994,1,3,1,5,6,4,16586.15473189277,3
2889,1,3,2,5,6,2,39661.733478903276,3
2651,1,3,3,5,5,4,26149.883160993228,0
1981,1,4,2,2,4,4,14071.408484102383,2
1746,1,4,2,2,5,4,36775.17084304279,1
2526,1,3,1,3,7,4,49547.13395090675,3
98,2,3,3,4,5,4,56267.55982124868,0
99,2,2,1,5,5,3,31710.7690274161,1
673,2,4,3,2,4,3,39888.6324935145,0
2204,2,2,1,5,4,2,12038.015503352162,3
271,2,3,3,4,4,2,48156.525714070696,1
1683,1,3,1,2,4,4,46060.32347807544,0
2702,1,3,3,2,5,3,19273.084810616183,2
2596,1,4,1,4,7,4,31746.23556172632,2
2193,1,2,3,3,7,3,26061.469251114046,2
2653,2,4,3,5,7,2,11926.30791102241,0
1394,1,4,1,5,5,4,25290.861569414425,1
1206,1,4,2,4,4,2,56074.099836290916,0
479,1,4,2,3,7,4,32096.38234009947,0
1865,2,3,3,2,6,4,43940.34633492102,1
1744,2,3,1,5,5,4,18624.502026218608,2
2815,2,2,3,2,7,4,53951.75346563632,0
426,1,2,3,3,5,2,53056.70928371538,0
485,1,3,3,5,6,2,15006.029490288842,0
710,2,2,1,4,6,3,24076.910900817824,0
2505,1,3,2,3,7,3,30785.88037408085,0
2151,2,3,2,5,6,2,39891.51814894811,3
216,1,2,1,4,4,4,51082.17670212982,1
1185,1,2,2,2,4,2,31052.534081220656,0
220,1,3,3,3,5,4,34372.629257958935,3
2756,2,3,3,4,4,4,35232.22656478576,1
396,1,4,3,3,7,2,71013.4904307003,0
2705,1,3,1,3,7,4,38194.49261529542,3
2806,1,3,2,3,5,2,35869.585885116474,2
664,2,3,1,4,4,4,56231.11450937632,2
1214,2,4,2,2,7,2,40661.82753572345,3
1896,2,4,1,2,5,3,64097.17238500788,1
2280,2,2,1,5,5,3,43340.02341448484,3
2338,2,2,3,4,4,4,62142.54851115488,1
979,1,4,2,3,4,4,25515.57284238141,2
596,2,3,1,4,7,2,48822.500047472146,3
2601,2,3,3,2,7,2,53586.6325381784,1
2583,1,3,1,5,6,2,68447.28302129517,2
106,1,3,3,2,5,2,48864.878016756666,2
2801,1,2,3,5,7,4,53582.63318023956,0
1374,1,4,2,3,4,3,49812.98804001627,2
1837,2,4,1,2,6,2,27742.25192536989,0
3001,1,3,3,2,5,4,78856.7171960441,2
1651,1,4,3,2,5,3,41380.09191842735,0
2232,1,2,2,5,7,2,62965.6826045305,2
843,2,3,2,3,6,3,52845.0757885835,1
2837,1,4,1,2,6,2,75427.52360464138,1
515,2,3,2,3,6,3,31891.703920513857,1
3022,1,3,2,5,7,2,36285.91718809607,2
1230,2,2,1,2,7,2,39263.14493176762,0
2201,2,3,2,5,5,4,26433.9343701842,1
678,2,2,2,4,7,3,34582.583025318505,1
2734,1,2,1,2,5,4,49504.90609058619,0
2350,1,2,2,4,7,3,66336.13612030205,0
1135,2,3,3,3,5,2,67203.03202741213,2
2867,1,3,1,5,5,2,44559.136232711324,2
1416,2,3,1,5,5,4,13100.457382594082,2
1123,1,2,3,4,7,3,38837.7518730413,0
2865,2,3,1,4,7,2,54896.643715042745,1
2105,2,3,1,2,6,2,50742.15672784887,3
2239,2,4,1,3,5,4,47520.282327728804,1
2034,1,4,3,4,7,4,39843.903581433784,0
2120,2,2,3,3,6,4,37075.14598062844,0
2143,1,3,1,4,5,2,25449.317652862646,3
285,2,4,2,2,5,2,5600.391992351957,3
1028,1,3,3,3,4,4,56851.78811968326,0
2381,2,4,1,2,5,2,28378.092533307456,0
2290,2,2,2,5,6,4,27995.356551988385,3
572,2,3,2,5,6,2,62563.893923772266,3
834,1,3,1,3,6,4,48687.41471230676,0
1774,1,2,1,4,4,3,44752.0832934233,2
1649,1,2,3,4,7,3,44188.3514123182,0
2813,2,4,1,4,7,4,55484.379913749435,2
2027,1,2,3,2,5,2,40867.548382902256,0
340,2,4,1,4,7,4,30347.3529448045,0
2589,1,4,1,5,5,4,54626.07222029174,1
2136,2,4,2,4,5,4,41779.45961815051,1
2326,1,2,3,5,7,3,46052.58734926185,0
2070,2,4,2,3,7,2,64245.43843456486,0
655,2,4,1,2,4,3,52548.58125514011,0
1966,1,2,1,5,6,2,46673.694310401515,2
2211,1,4,2,3,6,4,56551.67808692225,0
372,1,2,2,2,5,4,10736.47215440428,3
2973,2,2,1,4,5,2,47764.81072649379,1
1749,2,4,1,5,6,4,42498.31649517344,3
1133,1,4,2,4,5,4,49327.92389990981,2
1352,2,4,2,5,7,4,41536.04621625301,0
2386,1,3,3,4,7,3,12971.435037814172,1
2059,1,2,1,3,4,2,50878.39902622367,0
1356,2,4,3,3,7,4,44309.43866409592,3
559,1,2,2,4,6,2,19433.432960483184,0
1167,2,4,3,4,5,2,31991.211142008608,3
624,1,2,2,2,7,2,59955.7343650383,1
76,2,3,1,5,6,3,24581.19123895461,1
2498,1,4,2,4,4,4,51868.8954076251,0
1495,2,4,2,3,7,4,65313.01946287886,1
1334,1,3,1,5,7,2,70938.73485554074,0
2663,2,2,1,4,5,3,52471.0933816715,3
534,1,4,2,5,5,2,39502.09702992107,0
1785,2,4,2,4,7,2,47262.18271346581,2
1673,2,3,3,4,6,4,32251.239086875546,1
1920,2,2,3,5,5,4,36683.02914904294,2
2460,1,4,1,5,7,4,26514.593309910444,2
1160,1,2,1,3,7,3,36611.09394015417,0
1257,1,2,2,4,7,2,80421.67798949115,1
239,2,4,1,5,7,3,17261.05657931041,1
2033,2,2,3,4,5,3,61652.02243113746,3
1351,2,4,3,5,6,3,7998.141498233512,2
334,2,4,2,5,5,3,23183.065087492254,1
2267,1,3,1,2,5,4,48048.65577077758,1
1055,1,2,1,5,5,4,49898.473967515485,0
2334,2,4,1,3,4,2,69692.79017640882,2
2305,1,2,2,5,7,3,2676.008117112571,2
2914,2,2,2,4,6,3,47345.257035759394,3
590,1,3,1,3,4,2,46903.44370251993,0
1596,1,3,1,5,4,3,21754.114893210553,0
767,1,3,2,3,6,4,32008.0155480604,1
1781,1,4,3,2,4,2,35695.00691439783,1
490,1,4,3,4,7,3,41804.1493229446,1
2207,1,4,2,4,6,2,64063.005430686004,1
1886,2,2,3,2,6,4,74527.53683661234,3
2818,2,2,3,3,4,3,21764.206967811337,0
2805,2,4,2,5,4,2,39956.85440850802,0
2841,2,3,1,2,4,3,45316.103769477486,1
63,1,3,1,4,6,3,39388.67598558972,0
822,2,3,1,3,4,3,31764.727662022044,3
1954,1,4,3,4,6,2,37685.04625493515,0
240,1,3,3,5,5,2,45138.575732375124,1
2951,1,2,2,4,4,4,38739.96370774662,0
456,1,2,3,4,5,4,47797.06818322088,3
425,1,2,2,2,7,3,37065.84521421401,1
721,2,2,2,5,4,3,44077.29416087354,3
1412,1,3,1,4,7,4,43969.57161426562,1
738,1,2,3,5,5,2,59218.32650327104,0
1158,1,4,2,4,5,2,14056.405776543594,3
1710,2,2,1,4,4,4,42093.16373667756,0
1202,2,2,2,2,6,2,23020.980104664282,0
337,2,4,1,5,4,2,45855.32320471642,0
1008,1,3,3,5,5,3,32028.781233604022,0
2403,1,4,2,3,7,3,61241.213090281206,2
2240,2,4,2,3,4,2,56316.222099440485,0
444,1,4,1,3,5,3,31476.77232518995,1
2900,1,4,3,5,6,4,30200.075420406487,1
619,2,3,2,4,6,2,33179.19628503725,0
1600,1,3,1,3,7,3,41418.98971743752,1
2945,2,4,1,2,7,2,36167.512041426366,3
152,2,2,1,3,4,3,48415.27465649619,0
270,1,2,2,5,4,4,13934.137009123686,1
2127,2,2,2,2,4,2,43715.49552644445,1
683,2,4,3,4,4,2,45390.095614222206,3
1544,1,3,3,4,5,2,63092.543698939546,3
486,2,2,1,4,6,4,31795.31614487117,1
760,2,4,1,2,6,3,29920.95361838623,2
140,2,4,1,5,4,2,65923.36823022735,2
363,1,2,3,3,6,4,49996.44726939182,0
1496,2,3,2,3,7,4,50209.70524685488,1
895,1,2,3,4,5,3,56150.408182563304,3
400,1,4,2,2,5,3,26159.81209839241,2
2524,2,2,2,3,5,3,38090.50264645417,0
262,1,4,1,5,5,4,24286.58960178724,1
1321,1,2,3,5,4,4,36199.92249427685,1
1060,2,3,3,4,5,4,54755.15398126118,0
2903,2,2,2,3,7,4,60062.22998578531,1
957,2,4,1,5,4,2,37410.79071030957,2
2122,1,4,1,4,5,2,35525.175857119386,3
804,2,4,3,5,4,4,47054.452397836474,1
2894,2,4,2,2,6,3,48999.529481828984,3
592,1,3,2,5,4,3,59465.23419330083,3
45,1,3,3,3,6,4,33410.97842109405,1
1059,1,2,3,4,6,2,19617.70131530657,3
862,1,3,1,5,5,2,20119.055494388176,1
1813,1,2,3,3,4,4,2522.2108990535344,2
454,1,4,1,4,5,4,39010.65569171542,0
1705,2,4,1,2,5,4,8931.933835425749,3
2228,1,2,1,4,5,4,65157.51609914833,2
947,1,4,2,2,6,2,44581.72254926083,2
1239,2,2,3,5,4,4,66437.37827226598,3
2824,1,3,2,4,5,4,18209.561179143027,1
723,2,3,1,3,4,2,23109.631724438183,2
2409,2,2,3,5,5,3,26893.47407422183,0
1072,1,3,1,4,7,4,29324.7284232642,3
580,1,3,1,5,7,3,50024.59445947193,2
474,1,3,1,2,6,3,37106.94182627975,3
565,2,2,3,5,6,4,56378.482375993284,1
390,2,2,1,2,4,3,54258.204068276056,0
1263,1,2,3,3,6,4,13243.3225917971,0
1113,2,2,1,2,4,2,17944.34097902023,0
123,2,3,1,2,6,3,20599.303123733385,0
2074,1,3,2,4,5,3,55204.349075090686,2
258,1,3,2,2,6,3,7925.195836792402,2
1457,2,3,3,3,7,3,58540.904514540714,2
1391,2,3,2,5,7,2,35775.397334215195,3
350,2,3,1,5,6,3,13878.034505326701,2
3028,2,4,3,3,5,4,61453.20078157692,0
1680,2,4,2,3,5,2,25340.072130660843,0
1322,1,4,2,2,5,3,22524.202921347292,1
562,2,4,3,2,6,3,28296.991372456694,1
556,1,2,1,2,4,2,52700.48582338202,3
2399,2,3,2,5,7,4,19613.876511619663,1
2353,2,2,1,5,6,4,58466.14024131786,3
2155,2,3,2,4,4,3,40656.184622824505,1
2982,2,2,2,2,7,4,5103.98005288891,2
2656,2,4,3,2,7,3,48156.259844293905,3
248,2,4,2,4,7,2,48872.139787260676,1
1577,2,4,2,2,7,3,42840.66324591854,2
2974,2,2,1,4,6,2,23273.195974948718,1
894,2,2,1,5,6,4,37732.84423479287,1
2578,1,4,1,2,5,2,22674.10831229097,2
618,1,3,1,4,4,2,35899.24655760236,2
3034,1,4,3,4,7,3,34071.35482505984,2
2387,2,2,3,2,4,4,54367.82052966737,3
2097,1,3,1,3,5,4,44473.30205888763,0
1817,2,4,3,2,6,2,64513.32884548555,1
2368,1,3,3,4,4,3,46043.55224869366,1
161,2,2,3,4,5,3,13505.654479090656,1
2356,2,2,3,4,5,4,53182.014852232605,0
1985,2,4,2,2,6,2,55079.24085263315,2
1545,1,4,1,3,6,2,70620.27256930285,0
2899,1,4,3,5,6,3,35938.84730996928,0
1408,2,3,2,5,5,4,42911.22502095332,3
1138,2,4,3,4,6,2,54852.41121458383,0
2917,1,4,3,3,7,2,48106.096008743596,1
441,2,4,3,2,5,2,35574.29648494223,0
1411,1,3,2,4,4,2,44824.85300905082,3
2116,1,4,3,3,7,4,68747.590925188,2
1987,2,3,1,3,6,3,53353.53461030336,3
1540,2,3,3,4,5,3,40483.64267181562,0
801,2,3,1,2,4,4,47069.45098593888,3
869,1,2,3,3,4,4,20883.299273889894,2
2013,2,3,2,3,7,3,66626.23160016329,1
1887,2,3,1,4,6,2,55499.34698891189,2
72,2,3,3,2,4,3,55552.19970347846,0
2427,1,4,1,5,6,2,37478.18412691381,2
722,2,2,1,5,6,4,40630.602726929355,3
1076,2,2,1,2,4,2,30113.301870844065,2
3009,1,2,1,2,6,2,49050.01250442813,0
1282,1,2,3,3,4,2,52310.60873814042,0
2295,1,3,2,5,7,3,44263.90925109966,3
2747,2,4,3,3,6,3,31067.043358117982,2
949,1,4,3,4,6,2,23105.817725519904,0
241,2,2,3,5,6,2,63151.620345123825,1
2052,2,3,2,2,6,3,47573.84515074052,0
1883,1,3,3,5,4,4,43011.79025724729,1
1598,2,3,2,5,5,3,21973.974972409535,2
2286,2,2,2,4,5,3,74094.05414768006,1
2857,2,4,3,2,7,2,31626.380711425503,1
2189,1,2,1,5,5,2,26821.538020062184,3
711,2,4,3,5,6,3,18663.11307360691,2
1130,2,4,2,5,6,4,36608.579872483024,0
1424,2,2,3,4,4,3,26627.41322942519,3
344,2,2,1,4,7,2,53634.81644573951,0
1393,2,2,2,2,5,4,14653.834490621935,2
1990,1,2,1,2,6,3,69495.06365475355,0
2176,2,2,3,2,7,3,15957.720427926812,2
516,2,2,3,5,6,4,32930.23328316406,2
1625,1,2,3,4,7,3,50194.981658120145,1
1293,1,2,3,3,7,4,54629.54825308386,3
484,2,4,1,2,5,2,35794.14422678099,2
1980,1,2,1,5,5,2,43145.69936568604,1
1145,2,4,2,3,7,4,14531.538894712605,1
1621,2,3,1,3,6,3,58943.42572078541,0
642,1,4,1,2,5,3,78894.69908220936,1
2587,2,4,3,4,7,4,53116.25140293314,2
1264,2,2,1,5,5,4,53436.23875171992,3
2689,2,3,3,3,5,2,34948.274136287044,2
1370,2,3,2,4,7,3,44315.518278071686,1
1337,1,4,2,5,7,4,47528.723967144106,2
1316,1,3,3,3,6,2,56820.13877936663,1
60,2,2,3,3,5,3,27493.23754130242,0
1879,2,2,3,5,6,2,36631.863928685045,1
279,1,2,2,2,6,3,72301.73042490514,0
2731,2,3,2,2,7,4,56088.01341238927,0
47,1,2,1,2,4,4,49916.14562922938,1
1697,1,3,2,5,4,3,47614.09370545174,2
921,1,4,3,4,7,4,9209.34438151525,3
1938,1,2,3,5,6,4,14980.076976850181,0
561,1,4,2,4,4,3,21816.888593307864,0
2999,1,3,2,3,6,3,64727.26524683743,2
937,1,3,1,3,5,4,28417.304244800027,2
545,2,3,3,4,4,2,36766.79626508231,0
2948,1,2,3,5,7,3,48376.826771903405,2
1453,1,4,2,5,4,2,42891.04907098135,0
1720,1,2,3,3,4,4,50031.08841161554,1
2170,2,4,3,5,4,4,38930.69254967636,3
2786,1,4,3,3,7,2,40955.03190725554,3
1889,2,4,2,5,4,4,46993.482671058475,1
1484,1,2,3,4,5,4,47831.539236335775,1
1676,2,4,1,4,7,2,47450.9863920921,0
1808,2,2,2,4,7,3,50717.56081595841,3
1681,1,3,2,4,6,2,43790.08390112424,3
188,2,3,2,5,5,2,6645.9817491286885,2
2621,1,3,3,5,6,3,33368.949860794964,0
1292,2,4,3,5,5,2,33270.833346126026,0
2262,1,3,1,2,4,2,47040.161225580785,2
526,1,4,1,4,6,4,11700.826595362505,1
2535,2,3,1,5,6,2,53848.73789412294,0
1125,1,3,2,4,6,2,57787.6260165689,2
890,2,4,3,4,6,2,46250.669343057256,2
995,1,3,2,5,4,2,36593.72499400799,1
476,1,2,2,3,6,3,55790.3468816835,1
417,1,2,3,4,7,3,28151.421236896487,1
389,2,4,1,4,4,4,29708.76896594469,0
1856,1,3,1,5,4,3,27174.598544332686,1
2632,2,4,2,4,6,2,71030.99545411038,1
2038,1,4,2,5,5,2,37735.47674479467,1
857,1,4,1,2,5,3,29333.66453873268,3
2725,2,2,1,5,6,3,69040.3338670631,2
1098,1,4,3,2,6,3,36708.286721610275,0
1011,2,4,1,3,5,4,49876.00497509537,3
2766,2,2,2,5,4,2,43488.55452773045,1
237,1,2,3,3,4,2,60242.236992562845,0
1592,2,2,2,4,6,3,65215.15038392598,2
1517,1,2,1,3,5,2,55596.248734605935,2
81,1,3,3,4,5,4,49926.9252825417,2
2198,2,3,1,4,4,2,59725.723206928626,0
1358,1,4,1,4,7,4,46099.890959805074,1
1752,2,4,1,4,5,4,13863.994999246454,0
753,2,3,2,5,4,2,43199.013420180185,0
2111,2,4,3,5,7,4,26598.231082703373,2
1478,1,4,3,5,7,3,49771.93955880061,0
2649,1,4,3,2,4,4,28721.96693246897,2
926,1,4,1,2,4,2,38495.41620354871,0
835,1,4,1,2,6,4,34181.62280724137,3
1074,2,4,3,2,4,2,18317.478206700678,0
1269,1,4,1,4,7,2,23416.91306098824,3
2200,1,4,1,5,4,3,56770.552865657184,1
975,2,3,3,5,4,4,45627.105263398735,3
2212,2,3,3,3,4,2,32202.280468722653,1
644,1,3,2,5,7,4,66143.49280885415,2
1617,1,4,3,5,6,3,41579.13828425336,3
2714,2,3,1,4,5,2,46486.91998489575,1
2896,2,4,3,5,6,4,1625.1149401925431,1
2252,1,2,3,4,6,2,31989.326769136926,1
2591,1,2,1,4,4,4,40716.72678615647,1
174,1,3,2,3,6,4,57109.26162140012,3
2418,2,2,2,2,6,2,5106.2880402034425,2
2391,1,3,3,4,7,2,64371.40491346868,0
740,1,2,1,3,7,3,58036.193805429364,0
1736,1,3,2,3,4,4,2846.8834298458532,2
2983,2,3,1,3,6,4,39375.684972850206,3
2253,2,3,1,2,6,3,18042.104650608635,2
139,1,4,1,3,4,3,33395.3817811418,0
1137,1,2,3,5,6,2,62626.16837219127,2
910,1,4,1,3,5,3,39628.11233701676,0
792,2,4,3,2,4,4,41368.5629949712,0
111,1,3,2,3,4,2,39446.018959898014,3
70,1,4,2,5,5,4,33994.62787779871,1
528,2,2,1,4,5,2,35531.07618200969,0
290,2,3,1,3,4,4,42233.21357570431,0
1894,1,2,1,2,4,4,51305.865574847994,0
2693,1,3,1,3,7,2,35226.606476333596,3
1410,1,2,1,3,4,4,9485.670792890967,2
1729,1,3,1,5,7,4,38000.865217084356,3
212,2,2,1,5,5,4,35728.93492689838,2
2742,1,4,1,3,6,4,35251.9697497337,3
291,2,3,3,2,7,2,43998.804549227076,1
1313,1,4,2,3,6,3,49257.59001041396,1
1148,2,2,2,2,6,4,50127.669117047284,1
2307,2,2,2,5,6,3,27512.044990997627,0
1477,2,4,1,4,6,4,64085.368327090895,2
2563,1,4,2,5,5,3,51338.39981924624,0
327,2,4,1,5,4,2,25170.465073241114,0
1193,2,3,2,4,5,3,64106.72376805298,3
848,2,3,3,3,5,2,35997.619436419154,3
187,2,2,3,2,7,2,50930.44081627079,1
581,1,2,2,3,5,3,30230.08585149605,0
2639,2,4,2,5,4,4,57090.79405551943,1
981,2,2,2,2,5,3,44506.47183054873,2
2514,1,3,1,4,7,4,24339.810388651626,3
1092,2,2,3,2,6,2,56643.427671845144,0
629,1,2,3,2,6,2,30648.944484003845,2
1811,1,2,1,2,4,2,41341.856905992456,2
1532,1,4,3,3,6,4,27972.594246745743,3
1014,1,4,2,5,5,4,46032.35991008324,0
2050,1,2,1,4,4,2,51417.07261412134,1
2453,1,4,1,4,7,2,43041.18414916687,3
2192,2,3,1,4,4,4,42402.312811495736,2
1154,2,2,2,2,7,2,22499.097723517716,0
1231,2,3,3,5,5,3,35764.73300042901,3
242,2,3,1,5,6,4,66293.16003877028,1
2963,1,3,2,3,7,3,38304.555805183554,1
2203,1,3,3,3,4,4,57536.7873925818,2
791,2,4,3,3,7,3,47982.58046579317,3
168,1,3,2,4,4,3,20690.788655345288,1
1003,2,4,2,4,6,2,46908.66971148095,0
1421,2,4,3,5,7,4,63115.971888558255,2
201,2,3,1,4,4,3,23782.86674120512,1
1001,1,2,3,3,4,3,50909.29985014874,1
1675,1,3,3,4,6,4,24928.6652553717,1
2550,1,2,1,3,4,3,28706.165807910158,1
2296,1,4,3,5,6,3,42863.11957296672,1
1363,2,4,1,3,4,3,34483.33836114889,2
1831,1,3,1,4,4,3,52438.74295668976,2
2150,2,3,3,5,6,2,36382.47792310494,3
2912,2,3,2,2,6,3,31607.638331252936,0
813,1,2,2,4,4,2,44551.60734369096,3
1999,2,2,2,5,4,2,48813.14630808671,0
163,1,2,1,4,4,2,15844.518618948769,2
1183,2,4,1,4,4,4,20549.55693579563,1
1664,1,2,3,4,6,3,19465.833749021593,1
2144,1,3,2,3,6,4,48590.98362515769,1
211,1,2,2,3,7,2,62822.94551549682,2
2005,1,3,1,5,7,3,40125.91030681995,2
672,1,3,2,3,6,2,86573.05581973417,3
2348,1,3,1,3,4,4,35412.30790799739,0
1136,1,3,1,3,7,4,81113.03156598526,1
2979,1,4,2,5,7,2,79162.75606106993,0
519,1,4,3,2,7,3,52985.83136838087,0
2641,1,2,2,4,6,3,66196.37522693716,2
1164,1,2,1,3,4,4,81227.8434624942,1
1165,2,3,3,4,7,2,15284.512659100761,3
918,1,2,1,2,5,3,27613.681937831145,0
755,1,2,1,2,7,2,81565.2054674248,0
1036,1,2,2,2,6,2,17358.920696915688,0
2056,2,4,1,2,7,3,25481.656768605873,0
1703,1,4,2,5,7,3,31641.969955274788,2
421,1,3,1,4,5,3,3126.78736681828,2
1939,1,2,2,3,4,4,62067.45724471014,1
2695,2,4,2,4,5,2,45249.24187540819,2
992,1,2,1,3,5,4,30660.913638217597,3
2883,1,2,1,4,5,2,60858.861908072744,0
807,2,3,2,2,7,2,36223.29088565026,2
1976,2,4,3,3,6,2,47005.4140140634,1
328,1,2,2,4,7,2,49629.5049772324,3
1044,2,4,2,4,6,2,44989.00081516137,0
3005,2,4,3,5,7,4,53873.477276224956,1
1233,1,4,3,4,6,2,28691.066786638592,2
2408,1,3,2,2,4,3,39818.55556789169,1
2541,2,2,3,4,7,4,46853.66180051633,3
1880,2,2,2,4,6,3,35561.47520006331,1
166,2,4,2,3,6,2,46652.07992881939,2
2051,2,2,3,4,4,3,52046.97856453707,0
1211,2,3,3,5,5,2,46067.32079750649,0
583,2,3,2,4,6,4,34763.78864633084,3
604,1,3,1,3,7,2,16265.746653314767,0
2868,2,3,2,5,7,3,59870.815919942695,1
1833,2,3,3,2,7,3,57368.919841870345,0
483,1,4,3,4,6,2,65909.31187352429,0
782,2,2,3,5,5,4,35208.754281445305,2
1786,1,4,1,2,6,3,57459.67889762638,1
1916,1,2,2,5,5,4,56664.802571189706,1
2230,2,2,1,3,5,2,12929.681229646936,0
1700,1,2,2,4,6,4,19986.2117848873,0
2156,2,4,1,5,7,3,46450.34519935933,3
1362,1,4,3,4,7,4,55700.134404648,3
2220,1,4,3,3,4,2,31268.225347522355,2
2035,1,3,1,2,5,4,57007.404133420074,0
1768,1,2,2,5,5,2,38200.128451124,1
184,2,4,3,3,4,3,28036.00055301901,2
2265,2,2,2,5,4,3,22032.371898985533,2
2081,1,3,1,4,7,2,3180.2733355261444,1
1493,2,3,2,3,6,2,8508.247990518,1
932,1,3,3,3,7,2,28650.163380810147,0
394,1,4,2,3,6,3,33236.13892978439,1
256,2,3,2,3,7,4,25197.97619717552,0
499,2,3,2,5,7,2,13002.83143782787,1
1215,2,3,1,3,4,3,67245.78853044979,1
1935,1,4,2,2,5,3,46571.764898847796,3
2166,2,2,1,3,4,4,42584.12592502879,1
1101,1,3,1,3,7,3,42587.43184274683,1
1698,2,4,1,3,4,4,58713.29985679163,2
2694,1,2,3,2,4,4,42899.03883700896,0
2402,1,2,3,2,6,4,53112.25960203909,3
1695,2,4,1,4,6,3,36963.98939769123,1
2580,1,3,3,4,7,4,73771.43628027517,3
2869,2,3,2,5,7,3,31975.431638615046,3
326,2,4,2,5,4,2,39441.28195831942,3
566,2,4,3,2,4,4,31698.72198150252,0
429,1,4,1,5,7,3,47395.617533217635,1
1433,2,2,2,2,6,4,56579.44980347462,1
989,1,3,2,5,6,3,5158.69153821034,0
1860,1,2,3,2,4,2,56105.2993483008,0
1949,1,3,3,2,6,3,71601.26871588701,1
1489,1,2,1,5,7,3,61907.91171505902,3
371,2,3,1,3,5,3,39473.37754196542,3
2741,1,4,1,2,4,2,49462.87764161987,2
970,1,4,1,2,6,3,55886.15653708477,3
1619,1,3,1,5,4,4,65854.64372540278,1
2131,2,4,1,3,5,4,48251.30491982672,2
467,1,2,1,3,6,4,41495.73775450551,3
1989,1,4,2,5,4,2,74307.33512651085,2
2330,2,4,2,2,6,3,13724.141745168137,0
829,1,3,3,2,7,3,48786.682252158185,3
2746,1,2,2,3,7,3,4280.92436301009,3
1515,1,3,1,3,4,3,36598.92958770816,1
331,2,3,2,2,4,3,20925.99002421869,1
2810,1,3,2,3,5,4,66069.34769035304,2
3012,2,4,3,5,7,4,83811.57262206316,3
2658,1,3,1,3,6,4,46927.83748244882,1
2556,1,3,3,4,6,3,65584.79833541664,1
954,2,3,3,3,6,4,56453.7544302141,2
2393,1,4,3,4,7,2,58502.23989802019,0
1355,1,3,3,3,5,2,38284.78772228725,2
137,1,3,1,4,7,4,46702.931462259825,1
1236,1,2,1,3,5,4,49514.122655963896,3
2367,1,4,1,2,6,2,6402.006268019883,2
1737,1,2,2,4,6,2,67711.64233668697,0
2654,1,4,2,5,6,2,40145.04303403027,2
318,1,4,1,2,4,4,49180.834750081165,3
2486,2,2,3,3,6,4,31855.597543398246,0
1007,2,3,3,4,6,2,51846.971181531975,2
1278,2,2,3,4,7,3,43435.242337131276,0
3018,1,2,1,2,7,3,43967.13950411981,0
1951,1,4,1,4,6,3,68726.66073877914,2
1691,1,4,3,3,6,3,32268.911610962845,1
2249,1,2,2,5,7,4,26603.863169595512,1
962,2,3,3,3,5,3,6036.638894377429,1
2335,1,2,3,2,5,3,46643.33802934189,0
2293,1,2,2,5,4,2,74497.53246156081,1
145,2,4,2,4,7,3,63901.16865831168,0
2852,1,4,1,5,4,4,17069.26046114132,0
2738,4,5,3,6,3,7,30833.273221115818,5
661,3,7,2,7,3,4,27951.95219149902,6
2615,4,5,4,7,3,4,33436.257888680746,4
1609,3,5,2,5,2,4,38145.69851422464,4
2447,4,5,2,5,4,6,36159.163105219355,5
1111,3,7,3,5,3,7,31160.440873636828,5
1520,4,6,3,6,3,3,29615.63791436863,6
1234,3,5,3,7,4,6,38394.32492989463,6
2411,4,6,4,7,3,4,20977.4600708143,6
826,3,7,3,7,4,7,26634.31999992591,7
2750,4,5,2,7,3,7,31007.044420608476,4
2516,3,6,4,6,4,6,20487.57723740057,6
2110,4,7,3,6,3,3,36067.261991930645,7
1345,4,5,2,7,3,4,30485.005680143895,6
2364,3,5,3,6,2,5,32784.84314947071,6
335,4,5,2,6,4,5,31545.88640684792,6
2992,4,6,2,5,3,7,36326.9439348539,4
2543,3,7,2,5,3,4,27447.97046213427,4
716,3,7,3,5,3,6,36142.42196957362,5
1859,4,7,3,7,3,6,24782.315609760175,4
1275,4,7,4,6,2,4,31745.711368359433,4
2057,3,7,2,7,2,3,44721.58004307976,6
2557,3,7,3,7,2,7,31477.799019601553,7
2623,4,7,3,7,2,3,38734.043651517786,5
2501,3,6,4,5,3,3,32540.126907976835,6
2939,4,6,3,7,4,7,41382.07225600971,4
630,4,6,4,7,4,5,30097.55411238438,4
2454,3,7,4,6,4,7,34585.357163453366,7
971,3,6,2,7,2,6,31848.361876335148,4
2323,4,5,2,6,2,7,35552.02722123298,5
800,4,7,4,7,4,6,21349.087534730377,7
1286,4,6,2,6,4,6,27018.96287982052,4
246,4,7,2,7,2,6,32868.774105488956,7
2004,3,6,3,6,4,5,34853.22669833901,5
1194,4,7,3,5,4,7,30557.935314186718,7
3015,4,5,2,6,4,4,25615.031428962473,4
2377,4,5,2,5,2,3,25071.481688815293,4
1466,3,7,2,5,4,5,39972.52551664507,5
1692,4,6,3,6,3,5,25767.675994838602,6
1053,3,7,4,5,2,3,36711.835458684865,6
2309,3,5,4,6,3,6,35426.80782668851,5
1511,3,6,3,7,3,3,43876.30200083698,4
689,3,7,2,6,3,3,40939.513473320825,5
2278,3,6,3,6,3,7,38033.89284189408,6
1959,3,7,4,5,3,7,34474.785604425095,4
1452,4,7,4,5,3,4,42629.538359569575,6
2093,3,6,2,7,4,5,37629.31544555392,6
169,3,6,2,5,4,6,40515.785435660364,6
2907,3,5,2,5,2,3,30947.560115114076,5
272,3,5,2,6,2,5,26039.95435046771,6
1582,4,5,3,5,2,5,36783.82646232248,4
1941,4,5,3,5,2,5,28592.534380258963,5
2301,4,7,3,6,4,3,36525.01582446443,7
745,3,6,4,5,3,5,22286.96157199165,6
435,4,7,4,5,3,3,25261.43666354209,5
2913,3,5,2,7,3,3,38459.96417762064,6
1078,4,6,4,5,2,5,36635.580923000954,6
1983,4,6,3,6,2,4,22811.469940838855,6
1536,3,7,3,7,3,5,29489.803482869207,7
461,3,5,3,6,3,5,20777.758528755898,5
854,3,6,3,7,2,4,27138.331754477775,5
636,4,7,3,7,2,6,40812.04662403134,5
1639,4,7,2,7,2,3,29023.15270744608,6
1601,3,5,3,6,2,6,30347.28277658072,6
1587,3,7,3,7,4,7,41237.44585281763,6
777,3,6,4,5,4,7,32616.056368201494,5
153,4,6,3,6,2,4,21157.07760818224,6
1560,4,5,3,5,4,7,35361.448562982834,7
901,3,6,3,6,3,3,35568.87141813977,4
1526,3,7,4,7,3,7,41989.429437147686,6
1818,3,5,2,6,3,3,18421.23873919828,7
2248,4,7,4,6,3,7,38048.71665124819,7
1030,4,5,3,6,3,5,31613.995570522096,4
2775,3,7,3,6,4,4,28219.66627736134,7
93,3,5,3,7,3,4,30602.377358773334,4
1559,3,7,3,5,3,6,19960.687358766456,6
2609,3,5,2,6,3,3,29770.549059509223,4
1568,3,6,4,6,3,7,30616.28782200516,5
1332,4,6,2,7,4,4,36857.240206000984,6
305,4,6,2,5,4,5,28092.994158741447,5
1579,3,5,4,6,3,7,41206.14113629413,5
464,3,6,2,6,3,6,36186.63997877834,6
2972,4,7,2,5,4,7,30512.165065547426,5
2547,4,5,4,6,4,3,31856.18432475872,6
378,3,7,4,6,2,7,28382.908839305062,7
323,4,6,2,5,2,6,32147.72652520022,6
1820,4,6,3,6,2,6,34818.46405775256,6
2835,4,6,2,5,2,5,33291.12434366952,5
442,4,7,3,6,2,5,31558.8014398183,4
2054,3,6,4,6,2,4,30871.148427481792,4
2666,3,6,4,5,2,6,38494.674024925815,4
2495,3,7,2,5,3,7,27411.574819386,7
141,4,7,2,7,2,7,37281.82763405912,4
1641,3,6,2,5,4,4,26014.417988258272,6
2474,4,6,4,7,2,4,42364.47888000308,6
2923,4,6,2,5,3,5,29032.568841557782,7
2762,3,7,2,5,3,6,35170.94886189218,6
2394,4,7,2,6,3,7,31628.822742059245,4
2533,4,7,4,5,4,6,26455.459219790733,5
1732,4,7,3,6,4,5,20207.454201405933,6
2827,3,5,4,6,3,4,43439.974123387175,4
1254,4,6,3,6,2,5,32137.31323503671,6
121,4,5,2,7,4,5,35414.97672375094,4
1336,3,7,2,5,4,4,28557.61599023788,4
247,3,6,4,7,3,3,24867.93102176746,4
1622,3,5,3,5,4,7,32084.52331797383,6
2465,3,5,4,6,4,6,35224.285268277614,5
874,3,7,2,5,4,3,36525.07001332627,6
2484,3,6,3,5,2,5,21418.594103177336,5
691,3,6,2,6,4,5,21272.674381523422,7
889,4,5,4,5,2,3,30386.93879404051,4
1501,3,7,4,6,2,6,30466.22474121248,6
2984,4,7,2,5,3,7,29667.865612766454,7
1712,4,6,2,5,3,4,51463.26851033072,6
506,3,7,4,5,2,4,40589.722129095375,5
907,3,5,4,7,3,7,32330.45664227777,6
1395,4,7,4,5,4,5,21951.527455032054,6
232,3,5,3,7,3,3,34802.68783712432,7
2213,3,7,2,6,3,5,32849.49755374175,4
1058,4,7,3,7,3,4,35983.4221795252,4
1209,4,7,3,6,4,4,23112.607674331284,5
674,4,6,2,5,3,4,38478.45907374443,6
2361,3,6,4,6,4,3,22630.813722817467,4
1648,3,7,4,6,3,3,30113.394896066922,7
122,4,7,2,6,3,6,22754.932567296702,4
1102,3,5,2,6,4,7,35932.67499395955,5
493,4,6,3,5,3,4,34974.68440454107,7
2897,4,6,4,6,4,4,35516.10712069466,7
681,3,5,4,7,4,7,22038.228345421136,7
2032,4,7,4,6,3,7,34357.162617555194,6
108,3,5,4,6,4,7,35871.05685850389,7
575,3,6,4,7,3,4,32504.6769800522,4
546,4,6,4,7,3,7,24258.709358907206,6
1514,3,6,4,6,2,6,22523.86901099165,4
646,4,5,3,5,3,3,36173.10048548937,5
1176,3,6,2,6,4,6,23268.79094871619,5
79,3,6,2,5,3,4,35288.79584670587,5
132,3,6,2,5,3,6,35379.5255865592,6
1373,4,6,4,7,4,4,34965.44828004783,6
1428,4,5,3,5,3,4,34843.703613348014,4
1510,4,6,2,7,4,5,33153.42314139759,6
571,4,5,2,7,4,7,37146.61713380797,7
2602,3,5,2,5,3,4,43105.097887779775,4
1443,3,5,4,6,4,6,26744.43643008948,5
1524,4,7,2,6,3,3,38278.453775212445,4
844,4,5,2,5,4,3,27715.823797295867,6
2759,3,6,3,5,2,7,37468.50460180072,6
102,3,7,4,6,2,4,40200.365095488836,7
1682,4,7,3,6,3,7,32632.22068343515,5
1347,3,5,3,6,3,7,20479.881711851733,7
1908,4,7,3,5,3,4,35952.982773561496,5
2624,4,5,3,6,4,7,26837.301968427415,4
766,3,5,4,5,2,4,27585.04597202534,4
2118,4,7,4,5,3,3,30317.209649481316,5
1220,3,6,2,6,4,6,39207.819920078655,5
564,4,5,2,6,4,5,23822.860915521076,5
1179,3,5,2,7,3,7,23722.667913055586,4
1128,3,7,3,6,4,4,30949.415918160666,5
2712,3,6,3,5,3,4,28307.25625026411,7
1576,4,5,4,7,4,4,24097.66774981577,7
783,3,7,3,5,3,7,30253.126187577436,5
2947,4,5,3,6,2,7,23460.54391493519,5
1564,3,5,3,6,4,7,43905.85022032375,7
1017,4,5,4,7,4,6,30338.852320327125,6
1080,4,5,3,5,2,4,37262.49621804146,6
1944,3,5,3,5,3,5,36970.74310442235,6
97,3,7,2,5,4,7,33471.874900698254,6
2584,3,6,4,7,3,6,24674.03019020943,5
2222,4,7,2,6,4,4,41178.13924445043,4
2342,4,7,3,7,2,3,36808.605220054254,4
2310,3,6,2,7,4,4,35817.08038929727,4
1491,3,6,2,5,3,6,21509.373644705578,7
1848,4,7,2,5,3,5,20793.318833544603,5
280,4,6,4,5,4,7,23626.483632363397,5
1056,3,5,3,6,2,5,29283.699871230136,7
2706,4,5,3,6,3,3,32935.44170960649,6
2351,4,6,2,5,3,7,21365.111375225686,7
1666,3,5,4,7,2,6,31104.07371785297,7
2022,3,7,2,6,4,7,21088.698264240094,6
46,4,7,4,6,4,5,28440.858494552827,4
2798,4,6,3,7,4,7,19733.82286175499,6
2314,4,7,2,5,3,6,37503.94550345201,7
2482,3,7,3,5,2,7,27898.7959746388,6
1611,4,7,4,7,2,4,32788.19670527918,4
3026,4,5,3,6,3,6,33832.86777791164,5
80,4,6,3,6,2,6,31503.591415403393,5
143,3,5,3,7,2,6,20010.233074383636,6
633,4,6,4,6,2,3,25221.213775746437,4
805,3,7,3,7,3,4,33920.201701969556,7
1770,4,6,2,7,3,5,30812.75620969106,7
1458,3,5,3,5,3,5,25095.911595904818,6
651,3,7,4,6,4,4,20949.937330077333,4
2782,3,6,2,7,3,4,33317.21760844072,4
2066,4,5,2,7,2,5,28417.12028813886,6
1375,4,6,3,5,2,4,33784.88525848148,5
2949,4,6,2,5,2,3,30364.104413337154,4
521,3,5,2,6,3,3,33131.835504303,7
2349,4,6,2,7,2,7,24013.394697448028,7
1475,4,7,4,6,3,3,28193.093051679876,4
1910,4,5,4,7,3,4,29857.660420735345,6
1228,4,5,4,7,2,5,36200.72597724529,7
2958,4,5,2,7,2,3,27092.593398650264,7
508,4,5,4,7,2,6,32106.606434934947,5
1997,4,7,2,7,3,4,33217.843857058026,5
1095,4,7,4,6,3,5,27687.9433587278,4
513,4,5,2,6,2,3,24360.240322468315,6
1583,4,7,2,5,4,7,25551.619898967205,5
579,3,6,3,6,2,3,34081.353573134795,5
345,4,7,4,7,4,5,20018.02245793256,4
597,3,6,4,5,3,6,36283.50228675964,4
1563,3,5,2,7,4,5,36380.74151293401,6
2957,4,7,4,5,4,5,23946.92058039678,6
943,3,7,2,6,3,4,28830.430697892756,7
963,3,7,2,6,4,4,28747.449502424322,5
1991,3,6,4,6,4,5,24608.48684919113,6
2319,3,7,2,7,4,4,24591.730313957192,6
1159,3,7,3,5,4,3,35848.429307469145,7
697,3,7,3,5,3,3,35550.885676768165,5
382,4,6,3,6,4,7,30675.359408082593,4
1943,3,5,4,5,2,7,24414.727036988676,4
1812,4,6,3,5,3,4,37336.58609059347,5
2044,3,7,3,6,4,6,35630.06147934815,4
2016,4,5,3,7,3,3,30933.231278766394,5
1481,4,7,4,7,3,7,27718.866464192593,6
1338,3,5,3,7,3,6,25884.63858149646,5
2205,3,6,2,7,3,5,27093.121436266236,6
1821,3,6,2,7,4,4,38081.9786124897,5
2440,3,7,3,5,3,6,28496.33217394667,5
172,4,6,2,7,3,7,26512.54332471106,7
2927,3,6,2,5,3,6,32218.733400687026,5
2090,4,7,3,5,2,4,23376.22087901544,6
2352,4,5,3,6,2,5,33702.0792378329,6
911,3,7,4,5,4,3,26006.074156714687,4
2640,4,5,4,7,3,5,27735.552350710685,6
958,3,6,2,6,3,7,28124.66883068991,4
381,3,7,4,5,3,7,31596.869163781015,6
1864,4,7,2,5,4,3,30139.910668001685,5
2885,4,5,4,6,4,3,30805.198801497132,6
574,4,7,3,5,2,5,28398.872002366235,4
2417,4,7,3,7,2,7,35210.95697205974,4
199,4,5,3,6,3,5,24793.093341618587,4
449,4,7,2,5,4,7,34226.61618589387,4
1354,3,5,4,7,2,3,41370.18069446456,4
502,3,6,4,7,2,4,25671.748990011773,6
217,3,7,4,6,4,6,34410.54429497851,5
48,4,7,2,7,3,4,26987.413253029586,6
1110,4,6,4,6,3,3,24048.459385965365,5
2849,3,5,2,7,2,7,28102.336110671462,7
2660,3,7,3,6,4,3,40625.52906338572,5
2613,4,6,2,7,2,3,25227.616581278737,5
776,4,6,3,5,2,5,34490.82362184527,7
1006,4,7,3,5,4,4,19137.044797894,5
650,3,5,4,6,4,5,32092.61537969161,7
1243,3,7,3,6,4,5,34562.577751265926,4
758,4,5,4,7,3,6,29599.37279218327,4
645,3,5,3,6,4,6,36137.86671087005,6
779,3,5,2,7,3,5,30741.422069013606,5
647,4,7,2,5,4,5,18017.37915729182,4
2138,4,5,4,7,4,5,45308.588311105166,4
2288,4,6,3,7,4,7,35724.47076400037,4
2679,3,7,3,7,4,4,38132.44965079542,5
886,3,5,2,6,4,7,25684.131270353504,5
2321,4,7,2,5,4,7,28711.641587921556,6
1385,3,5,4,7,3,6,35170.191093435176,6
2098,4,6,4,7,4,6,29815.160387505803,6
885,3,6,4,7,4,3,36518.02781266829,4
988,4,7,4,6,4,6,30816.75520659564,6
1305,3,6,4,6,3,6,33526.65499008552,5
468,3,6,2,6,3,6,28595.57592387523,5
668,4,7,4,7,2,6,32206.50357311676,4
1081,3,7,4,5,2,6,28067.30897916832,7
2720,4,6,3,5,2,6,31417.375379876743,5
2687,3,6,2,7,2,5,23730.120286178386,6
2444,4,7,3,5,4,7,28682.420945637747,4
156,3,7,2,6,2,6,31695.140832925623,5
2915,3,5,3,6,3,4,25475.581145562777,6
49,4,6,3,6,3,3,35557.51088000005,6
2934,3,6,2,7,4,5,25265.818038259742,6
1714,3,7,4,5,3,7,28840.43981229466,4
2880,4,7,4,6,4,7,32910.71197531937,7
701,3,7,3,6,3,6,29024.854569085972,7
1406,4,5,4,5,2,3,38094.6623208704,4
2987,4,6,3,6,3,5,29323.429740452062,5
92,4,5,2,6,2,3,34068.08130273495,7
669,3,5,3,6,3,3,29511.56535870423,7
938,3,7,3,7,4,5,30410.290982557937,7
853,4,6,2,6,2,6,42751.42618140591,7
89,3,7,3,6,3,4,35607.056962956965,5
401,4,6,2,5,3,3,38120.17015165035,5
626,3,7,3,7,4,7,30122.673044577452,6
226,3,6,2,6,4,7,22625.00781510664,7
1000,3,7,4,6,3,3,29670.35492061894,4
1834,3,7,2,5,3,7,27522.15748454648,5
227,3,6,4,7,3,7,36788.06784630676,6
550,4,5,4,7,3,4,28179.262106010017,7
632,3,7,4,6,4,6,23351.567316151886,6
1224,4,5,2,5,2,4,24500.599861854214,7
824,4,7,3,5,3,4,30289.693808655335,5
1192,4,7,2,7,4,7,26705.20517413553,4
2565,3,7,4,5,4,4,36881.32793675654,6
198,4,5,2,6,3,4,24992.34136954517,5
1996,4,7,4,7,3,7,25303.650704637334,5
1766,3,5,2,6,4,7,35731.51611202201,7
53,3,6,2,5,2,5,33098.45013095474,7
2469,3,6,2,7,3,3,34375.42043213589,7
286,4,5,4,6,3,3,32575.963177160014,7
2431,3,7,2,6,2,5,25990.553775734235,4
338,3,7,4,7,2,4,30947.934590023207,5
308,3,7,2,6,4,5,37469.002094811214,6
194,3,6,3,6,2,4,38268.1466289323,7
599,4,7,3,5,2,5,26122.075618030096,4
1677,4,6,4,7,3,3,30254.901912804355,7
2831,3,6,3,5,4,6,34592.36779348322,4
398,3,6,3,6,2,4,24633.541840061494,7
539,4,5,4,6,2,4,27796.050146573518,4
300,4,7,4,5,2,6,34852.95498429714,7
380,4,5,2,6,2,5,32663.977492069174,6
1089,4,7,3,5,4,7,35441.571205556975,4
150,4,5,3,5,2,3,41879.493409744355,6
2154,3,5,4,6,2,7,39137.623719979165,7
2405,3,7,2,5,3,6,32937.977901014485,5
303,4,6,2,7,2,6,34100.1222983756,7
2678,3,7,2,7,3,5,27242.715289557742,5
612,4,7,2,6,3,4,38097.981123981524,4
1840,4,7,3,7,3,5,37354.54573411195,7
1343,3,5,4,5,4,7,37523.320867474635,6
1972,4,5,2,5,2,6,28625.618229099022,6
329,3,5,2,6,2,7,31224.07677124229,4
2509,3,6,2,5,4,5,23214.567801946872,6
2503,3,5,4,5,2,6,23509.943481583974,6
2676,4,7,4,7,2,6,24488.180982315742,4
2137,4,7,3,5,3,6,19790.67613434003,7
1624,3,6,4,7,4,4,23379.66677794046,4
2328,4,6,2,6,2,7,27378.88406817112,4
2763,4,6,2,5,4,7,30487.76191552949,4
2142,3,5,3,7,2,6,24207.604530473323,7
945,3,7,4,5,4,7,40392.0907625479,5
2023,3,6,4,7,3,5,41045.37406349136,7
208,4,6,2,7,4,5,39223.78733975731,4
2006,4,6,3,5,3,4,30529.510522861692,4
553,3,6,2,5,3,4,25751.76744761206,6
1490,3,7,2,6,3,4,37860.60940996432,7
1748,3,6,4,6,4,3,37028.62101714878,5
2043,3,6,3,6,2,4,28996.46841912606,7
2704,3,6,2,7,2,3,34440.01927826202,5
2428,3,6,3,6,2,4,34140.56421876614,6
622,3,6,2,7,4,7,36174.50305131084,5
833,4,5,2,7,4,5,28312.939021024053,6
2685,3,5,4,7,3,3,39799.26952602395,6
1016,3,7,2,5,4,5,28644.26561935149,5
498,3,6,4,5,2,5,23741.405494798564,7
1241,4,5,2,7,2,5,28575.331534855628,5
1082,3,6,3,5,3,4,35167.27458979333,5
2991,4,6,4,6,2,7,27700.532494913565,7
1335,4,6,3,5,3,4,38327.726247420855,7
2909,3,7,3,7,3,3,30896.276924232727,7
1731,3,5,2,5,2,3,34056.768470425384,5
2215,3,6,3,6,4,6,27018.384579073052,7
2186,3,6,4,5,3,6,25173.478606367193,6
942,3,5,3,6,2,5,29997.991603908726,4
1516,4,6,2,6,3,4,23456.856655812517,4
1878,4,7,4,6,2,6,28875.460722737742,5
462,4,7,3,6,3,3,29805.054998404707,6
686,3,6,3,7,2,6,29182.87278397362,5
537,4,5,3,7,3,7,40869.268845601415,6
2241,3,6,3,5,2,7,28768.99721170942,7
348,3,5,4,7,2,3,31004.248373319413,5
653,3,5,3,5,3,7,33589.961721436164,7
2650,3,7,2,7,3,3,23058.099758261164,6
228,4,6,4,6,2,5,19395.36353889749,5
2190,4,5,4,7,2,6,27052.05065078907,7
347,4,7,4,7,3,3,41732.59273517145,7
1222,4,7,2,5,3,4,30269.736801263254,4
1667,4,5,4,5,2,6,28472.451909189604,7
2796,4,7,3,6,2,7,35666.069515990246,6
1018,4,5,4,5,4,4,21871.408774778312,6
1724,4,5,4,6,3,3,24403.830057949013,7
230,3,5,3,5,4,4,29661.895922048476,7
2966,4,6,4,6,3,5,38509.583895642085,5
1341,4,6,4,6,2,3,32634.955813519387,6
235,3,5,3,5,2,3,25707.60907589853,5
2289,3,6,4,6,2,5,35370.197203909636,5
1595,4,6,3,5,4,4,36621.34848524666,4
1204,3,6,2,6,3,6,29642.110231933075,7
2826,3,7,4,5,3,7,32760.596980547678,7
2566,3,7,3,5,4,3,27391.80758151474,6
1436,3,6,2,6,2,4,33690.61756645967,7
179,4,7,3,6,3,5,25786.866833581462,7
2108,4,7,2,7,2,6,30013.204673881228,5
319,3,5,2,5,4,5,37680.02426418085,5
2283,3,5,3,5,4,5,37691.97197496449,5
1303,4,7,3,5,2,6,39607.654137499274,4
927,3,6,4,7,3,4,27373.573542354956,7
1757,4,5,2,5,2,5,27513.69041881417,5
1554,3,5,2,6,2,6,37074.26910611716,6
1539,4,6,4,7,3,3,47071.34878842963,7
986,3,6,4,5,3,3,29306.706497411862,6
1924,4,7,4,6,3,5,37022.77329785394,5
1281,3,5,3,7,3,7,40238.8280561603,5
1730,3,7,3,6,2,7,30606.13585759651,5
1009,4,7,2,7,2,7,32740.174366509596,5
2185,4,5,4,6,3,5,30593.382052679066,7
1077,4,6,2,5,2,3,41769.115130847786,4
1795,3,5,2,5,3,3,23355.72622528262,4
1235,3,5,2,7,4,6,31359.79234144745,6
2292,4,7,3,6,4,5,29934.723343783036,6
1315,3,6,3,5,4,3,35482.14106985858,4
1468,4,7,2,6,4,4,29921.287851514557,6
1881,3,7,2,7,4,6,26883.270236565022,4
2247,3,7,3,5,2,5,26657.980388288925,6
67,3,6,2,6,4,6,22891.167477347917,4
186,3,5,2,7,2,5,29984.75283311683,7
2159,3,6,4,6,3,7,30217.614515545018,5
2246,4,5,4,6,2,6,25532.65602638117,6
2407,4,6,4,6,4,7,28786.647923996014,4
763,3,7,3,7,4,6,26097.988521502877,6
1186,3,6,3,5,4,3,33301.32430642995,4
1824,4,5,3,5,2,7,28517.993754876563,4
366,4,7,2,5,2,7,34789.673500927434,4
517,3,5,2,7,3,3,36232.187294364834,6
2079,3,5,2,7,2,3,34904.78104507935,5
1079,4,5,4,5,2,5,21381.15751939182,4
2125,3,5,4,7,4,5,28136.50564180567,7
433,4,6,4,5,3,4,34753.664745226655,4
1296,4,5,4,5,3,6,28287.71007444603,6
105,4,5,3,7,4,6,36466.21474898032,4
2500,3,5,4,6,3,6,25568.858985589814,6
432,4,5,4,7,2,5,23202.04115968005,6
2126,3,6,3,6,3,4,25530.038191299427,7
310,3,5,2,5,4,3,32526.348125192722,7
2341,3,7,4,7,4,3,37157.36488413531,6
2877,4,6,2,5,4,3,33999.201774730725,4
2562,3,5,3,5,2,4,33048.77876733496,5
2284,4,5,3,5,2,5,32145.130212425607,4
1247,3,6,3,6,4,5,30929.061324973245,5
1087,4,5,4,6,2,6,38657.49393452039,5
2164,3,5,4,6,4,7,29149.032290206505,4
2682,3,6,4,6,2,4,31915.626258060864,7
1640,3,6,2,6,3,6,25564.244090152857,6
1947,4,6,4,7,3,4,28840.184759755375,5
884,4,6,3,7,4,3,33231.60635034313,5
1684,3,7,3,7,2,4,35090.6692080195,4
1485,4,6,2,7,4,5,42093.7340587856,4
2846,3,7,2,5,4,3,32741.18526966826,6
2508,4,5,2,6,4,6,39925.127218151894,5
1388,3,5,2,5,3,7,40283.40394862113,5
648,3,5,3,5,3,6,26068.930786301473,6
2331,3,5,2,7,3,5,29053.053814816583,4
2242,4,6,3,5,4,3,32176.29329816352,4
1591,3,6,2,6,3,3,28256.340167837887,4
774,4,6,2,6,2,5,37146.76853045781,6
250,3,7,4,5,3,4,43664.4717177917,5
749,3,5,2,7,4,6,30767.721347603023,6
1396,3,7,2,5,2,7,35610.14678695979,6
695,3,7,4,7,2,7,30178.25417519204,5
127,3,5,2,6,2,3,19830.674253203528,5
1590,3,7,2,6,3,4,27092.83712086271,6
2141,4,6,2,6,2,3,26879.0009578336,7
1043,4,7,3,7,3,7,35702.26258142809,7
434,4,5,4,5,2,4,36589.66613966394,4
818,3,5,4,6,3,6,36004.69724344973,7
2686,3,5,3,5,3,3,40609.54303853575,6
478,3,5,2,7,2,5,29785.286864463487,7
915,3,6,3,6,4,5,29501.838635362557,5
817,4,7,4,7,4,5,32062.983846807987,5
1809,3,7,4,7,4,4,29524.979612086452,7
2438,4,5,2,6,2,7,28884.84360225229,4
1948,4,7,4,5,2,3,33619.043664822464,6
610,3,6,2,7,4,6,27078.00510383737,6
2036,3,7,3,7,2,3,30725.10476480402,5
2318,4,5,3,5,3,5,20149.403524345034,4
514,4,5,2,7,2,5,12940.39051099063,6
1146,4,5,4,6,2,4,40260.678201045666,6
91,4,5,3,6,2,7,35832.18676745166,4
999,3,5,3,6,2,4,31111.940224195223,5
704,3,6,2,7,3,7,32732.030118780272,6
1895,3,7,4,6,2,7,35878.79947242022,4
734,3,5,2,5,2,5,39856.49780815247,5
2986,3,5,3,5,2,7,32773.230656244974,5
1166,3,5,2,5,2,3,28231.541552901333,6
887,3,6,3,5,4,5,22937.16738233071,4
90,4,5,3,7,2,6,37878.864141407335,6
1037,3,6,4,5,2,7,27265.03818840513,6
2187,3,6,2,6,3,4,17503.554345840574,6
223,3,7,2,7,4,3,26503.112792698164,7
1538,4,5,2,5,2,6,28853.657516354328,5
1690,3,5,3,5,2,7,24464.727606109853,7
1035,3,5,4,6,2,7,26622.245528721647,6
1797,3,6,3,5,4,4,25913.364772819332,6
2792,4,6,4,7,2,6,26763.95687610571,6
457,4,5,2,6,2,5,26831.5391321352,6
2031,4,6,2,6,4,4,35726.41272633356,6
2238,4,7,3,7,2,6,36541.07484000056,4
420,4,6,3,7,3,3,37831.49224309298,7
1455,3,5,4,6,3,4,26829.501501652114,5
670,4,7,2,6,2,6,35402.52051673325,4
789,4,7,4,7,3,4,34336.58344333932,4
1656,3,6,4,6,4,4,22010.071625160977,7
336,4,7,3,5,4,4,29843.39256553986,5
980,3,6,4,6,3,5,33521.753683842675,4
1694,3,7,4,5,2,3,26813.560534698336,5
2168,3,7,3,6,4,5,36240.80688179145,6
1594,3,7,4,7,3,5,26368.636804091642,7
2257,4,6,2,5,2,6,33487.00923148266,7
95,3,5,3,7,3,7,37857.0669738176,4
1249,3,6,4,5,3,6,36330.00487708231,6
2410,3,7,3,6,3,6,37107.434064809786,7
1827,3,6,3,7,4,6,41545.895020128075,6
573,4,5,4,5,4,5,30835.445936262757,4
2647,3,6,3,6,2,5,27209.572016286504,4
1398,3,5,2,5,4,5,28871.226784196966,7
543,4,5,2,7,3,6,38243.73826205602,6
471,4,6,3,7,4,7,32461.448662652394,4
2233,4,7,2,6,4,5,33939.14033920638,4
264,3,6,3,6,2,3,39382.6772013748,7
1674,4,6,4,7,2,4,36383.56548495316,5
185,4,5,4,6,3,6,26524.648337565497,6
569,4,5,2,7,2,4,30156.557211891086,6
2385,3,7,2,6,2,3,21587.876311096188,4
707,4,5,3,7,3,5,30914.493932556325,4
2039,3,5,4,5,2,6,21822.932802985575,6
2148,4,5,3,5,2,5,22967.067479457633,4
2998,3,6,3,6,3,5,34483.80377906187,5
2574,4,5,3,7,4,3,36174.85692791888,6
315,4,6,2,6,3,3,36881.09119330608,5
1024,3,6,2,5,4,7,33112.79093430021,4
866,3,7,4,6,3,3,25388.059480873195,7
368,3,7,3,5,4,7,33928.08231068471,7
2282,4,5,2,5,2,6,28652.64212933819,4
861,4,5,2,5,4,5,27824.849502277644,5
2421,4,7,2,6,4,4,39296.66230447562,7
1319,3,7,2,6,4,4,21419.47547856938,4
2180,3,6,3,6,3,7,34165.80426651559,4
814,4,6,2,6,2,5,30406.575702087426,6
1688,4,5,4,5,4,7,31070.996816344952,6
1108,3,7,2,5,2,6,23483.527720333463,7
1242,4,5,2,7,2,4,27155.707234754307,5
733,3,6,3,7,3,5,28308.51932358663,7
2268,3,7,2,5,4,3,46122.203745832194,5
2540,4,5,3,5,2,3,38298.709872451254,7
888,4,6,2,6,4,4,26075.080574245734,5
934,3,7,2,5,3,3,24609.16919360804,5
2008,3,6,4,5,3,4,28996.98006630104,4
1937,3,6,4,6,2,5,32377.105719640043,5
2668,3,5,4,7,3,3,28533.075744603204,5
2821,4,6,2,6,3,3,38024.364334495665,7
2104,3,7,2,6,4,3,26419.2824797655,6
1857,3,5,3,7,2,4,29279.985263628783,5
2619,3,6,4,5,4,6,47240.378560116296,4
2132,3,7,3,5,3,6,28054.420371149747,5
1604,4,7,4,6,4,3,28679.7041574206,7
2340,3,6,2,6,4,6,26016.424933624985,7
2891,4,7,4,7,2,4,27157.214669237623,5
2788,4,7,2,7,4,3,26078.371739194663,7
736,4,6,4,7,2,5,24535.981934472402,5
742,4,7,3,6,4,4,45122.87541649616,4
2362,3,6,4,5,3,3,25992.302132985315,6
3025,4,6,2,7,3,7,36229.4355091243,4
2173,3,5,3,5,3,7,31380.0722827318,4
274,3,7,4,6,3,6,31702.506533267348,6
1328,4,5,4,6,2,3,30599.192908908706,5
897,4,5,3,7,4,4,30666.584544792466,7
2157,3,5,4,5,2,4,32137.95182978062,7
1861,4,7,2,6,3,5,29432.921360950517,6
1364,3,5,3,7,2,7,32246.28663145204,5
2564,4,6,4,5,2,3,31779.441775243882,5
2614,4,7,4,5,4,3,24414.061548321362,4
2378,4,5,3,7,4,5,28577.624905712542,4
1325,3,6,3,7,3,6,24068.89188283201,6
1314,4,7,4,5,2,6,27979.973011891438,4
1280,3,5,4,5,3,4,33939.09333763042,4
1425,4,5,2,5,2,6,28118.534064580934,4
902,3,6,3,5,2,5,22885.83992934393,4
94,3,7,3,7,4,5,33329.503078125745,5
1333,3,5,2,7,4,3,38414.36850353394,4
2871,4,5,3,5,2,5,33138.61371993046,6
2358,4,6,3,6,2,5,33886.125565462426,5
1038,4,7,2,5,3,4,34838.478440392304,7
3007,3,6,3,5,4,6,29468.87824398957,4
1575,4,7,3,6,2,3,30173.55617234199,6
1294,3,6,3,5,4,5,33336.90909106693,5
662,3,5,3,7,4,4,39067.730147845425,7
3011,4,7,2,7,4,5,24787.356824824612,5
2320,4,6,3,6,2,7,30803.34173793542,4
492,4,7,2,6,3,6,32558.536873033852,4
294,4,7,3,7,2,3,22269.863893123984,4
170,4,6,3,5,4,7,26760.326601281537,7
193,4,5,3,5,2,5,30257.033723427954,4
2553,3,5,4,6,4,4,28787.52286910543,5
1326,4,7,4,6,2,7,28504.751339451497,5
1386,3,6,2,5,3,7,42368.541959327216,4
1367,3,6,3,7,4,7,32388.99401364714,4
746,3,7,3,5,4,3,40660.89583619668,6
1139,3,5,2,7,3,7,35658.36618512016,7
1499,3,7,2,6,3,4,32800.97483468611,7
1810,3,6,4,6,4,6,29974.5067426171,7
906,3,6,4,7,2,7,42622.62203156996,5
2398,4,7,3,6,2,6,28130.2179095565,6
1071,3,6,4,5,3,4,22661.831117201375,7
1048,3,7,3,5,4,4,29925.833827053862,4
1780,3,6,2,5,2,3,28626.907148900416,5
1631,3,6,2,6,4,6,32983.82047461996,5
2733,3,6,4,5,3,6,35615.54228037969,4
1775,3,6,4,6,4,5,36005.72148716674,6
967,3,5,2,6,3,6,31249.684213993318,7
2898,3,5,2,6,4,7,29217.884297386845,5
3014,3,7,4,6,4,4,25954.271797505262,5
1893,3,6,3,5,2,7,38951.14781223023,6
1958,3,7,4,5,2,4,26881.654675066166,6
1203,3,5,3,6,3,6,43848.44923854064,7
146,3,6,4,7,2,4,30594.66789049191,4
448,4,6,4,6,2,7,30636.25785358834,7
1397,3,5,4,5,4,4,36661.5786883221,5
115,3,7,2,7,2,3,36462.42595959584,5
2177,3,5,2,7,2,5,34747.14283005259,4
341,3,5,2,7,4,7,30031.472642520966,4
1927,3,5,2,7,2,3,28675.46259768457,6
756,4,5,3,5,2,3,28161.681275262574,6
2646,4,6,3,7,2,4,31749.266380504738,7
694,4,6,4,6,2,3,31021.890894596967,6
213,3,7,4,6,3,6,33801.71115868804,4
2114,3,7,2,5,4,6,24554.296701354324,6
254,4,6,3,7,2,4,29055.67234602506,6
1671,3,5,2,6,2,3,40453.44599263818,7
929,3,5,4,7,3,3,29705.36362617058,5
2570,3,7,2,5,3,6,27850.50281460071,5
1796,3,5,2,5,3,4,23792.278697041747,4
2930,3,5,3,5,4,6,29642.274454638045,7
2718,3,7,3,6,3,5,30989.82265256083,7
2905,3,7,4,6,4,6,33229.126656343105,7
1913,3,6,2,5,3,4,35461.97764411988,5
2856,4,5,3,6,3,4,23866.45538757013,5
509,4,5,4,5,2,7,33023.32720263952,7
2191,4,7,2,6,2,4,26782.878475750542,7
2807,4,7,4,7,2,4,35446.06587493079,7
676,3,7,2,7,3,7,25936.9113146577,7
2223,3,5,4,5,3,7,36675.21565978093,7
2488,4,7,4,6,2,7,19446.03979864527,7
1739,3,6,4,7,4,4,37727.33876373182,5
558,3,7,4,7,3,5,40061.509880470134,6
1084,4,7,4,5,4,6,35738.9671912684,4
2518,4,7,3,5,3,6,29948.31519492358,4
2921,3,6,2,6,4,5,35508.92900283601,6
2567,3,6,2,7,2,6,49131.05399966087,7
775,4,5,2,7,2,6,23353.135236794926,7
601,3,6,4,7,3,5,39429.828333938494,6
1628,4,7,4,5,4,7,27294.12214285651,6
2918,4,7,4,6,2,7,36394.868437298064,4
3040,3,5,4,7,4,6,39471.588703638525,6
1763,3,6,3,5,2,4,22112.10831336845,5
138,3,5,2,7,4,3,33047.92096389815,5
96,4,7,3,6,4,5,35324.80401823817,4
84,4,7,4,5,3,3,24641.67728258801,5
2773,3,7,3,6,4,3,26556.851281858002,7
1922,3,6,4,5,2,7,27621.814720751867,7
1699,3,7,4,5,2,3,35341.219650119485,4
1613,4,6,2,6,3,5,37882.4418766696,4
2107,4,7,3,5,2,5,29451.21569126072,5
2777,3,6,2,6,2,6,30010.768619713388,6
1244,3,5,3,5,3,3,37468.44025404798,5
741,4,7,3,5,3,5,27384.821549316282,5
1589,3,5,2,5,3,5,31216.847627764357,6
1522,3,7,4,5,2,3,30985.587362975264,4
321,3,7,3,6,3,6,22808.663270742967,5
1075,3,6,2,7,2,7,27892.558424322167,7
1874,4,7,2,5,3,7,46091.4248187574,5
3030,4,7,2,7,2,7,40709.764464193984,6
3036,4,6,3,7,4,4,22068.898785901405,5
1519,3,6,2,5,3,4,27798.32455983508,7
1998,4,6,4,5,2,7,28971.315923527723,6
2519,3,6,4,6,3,3,31192.197416045034,6
1103,4,5,3,6,4,3,34457.883918458734,6
549,4,6,3,5,2,3,37042.63211497903,7
202,4,7,2,7,3,3,27638.12028080269,5
2135,3,7,3,7,3,7,30090.54477390365,5
1067,3,6,3,7,3,5,35679.182952452524,4
473,3,7,4,5,2,6,29720.99547637451,4
851,3,5,4,7,3,7,37423.37737714325,5
1429,3,7,2,6,3,6,35135.214655671254,5
2737,4,5,3,6,2,7,28805.200508626764,6
1852,4,7,3,5,2,5,30818.10980492023,5
652,3,5,4,7,3,7,31651.375468216946,5
1760,4,7,3,7,2,5,27600.476140516686,7
2825,3,6,2,6,3,4,29364.800587898553,7
658,3,6,2,6,2,7,42446.27523117902,7
142,3,6,2,5,2,7,31431.655708297425,4
2757,3,5,4,7,2,7,32017.7200321441,5
2072,3,6,4,6,4,4,28017.758845412376,6
252,3,7,4,5,3,3,32634.996627281827,7
1256,3,6,3,7,4,5,33167.43367076515,6
1940,4,6,3,7,2,4,31440.05580943333,4
3017,4,7,4,7,4,3,28958.20036896854,4
2638,4,6,2,7,3,4,24565.447037787184,6
974,4,7,4,5,3,7,43523.291577386364,5
1500,4,6,4,6,2,6,32371.794297884597,4
1004,3,5,4,6,2,6,38019.623385204395,5
984,4,6,2,6,2,6,26608.96639790444,6
2631,4,5,4,6,3,5,32156.507725346946,5
2964,3,5,3,5,3,6,29362.58177880412,6
718,4,5,3,5,2,7,28549.726334389637,7
748,3,6,3,6,4,3,35439.589261280315,4
1961,4,6,4,5,3,3,34272.09715354701,7
1917,4,7,3,5,4,7,32448.5603749436,5
1175,4,6,4,7,3,7,30744.103916553056,6
2395,3,5,2,7,2,7,38448.55399273083,5
1390,3,5,4,6,3,4,35981.65647806187,7
602,4,6,2,6,4,7,28823.364279555393,7
2067,4,5,2,5,4,6,28605.583365928713,5
904,3,6,2,5,3,5,26576.634541105497,4
2169,3,5,2,6,3,6,27998.696560377593,6
2769,3,7,2,6,3,4,27937.799320299288,6
57,3,6,4,5,2,5,39203.050897683424,5
2266,4,6,4,6,3,6,35545.507019981174,4
2643,3,5,4,6,4,4,33104.776659548515,7
2473,4,6,4,5,2,4,29415.623787521436,4
867,3,6,4,5,4,7,26536.322933614847,7
1909,3,6,4,7,4,5,33743.43202168589,7
1572,4,5,3,7,4,4,36876.049005040695,4
512,4,7,4,7,3,5,27540.11826493144,5
656,3,5,4,5,2,3,34308.27290140312,5
1765,3,7,2,6,4,4,33783.160661621936,7
1835,3,6,3,7,3,5,27463.558315288792,4
1308,3,7,4,7,2,7,37441.99854698861,7
2513,4,6,3,5,2,5,41485.91508278303,6
1629,3,7,3,7,4,4,32825.21504328044,5
215,3,6,3,5,2,5,34845.69787565242,7
625,3,7,3,7,2,6,31604.197339452872,5
976,3,5,4,6,4,7,36620.75902076997,4
985,3,5,4,6,2,3,31871.880141250396,6
1467,3,7,4,6,3,6,28042.81979069028,6
768,4,7,4,7,4,3,27758.718351765223,4
500,3,7,3,5,2,4,23155.449158723946,7
855,4,7,3,7,3,5,23188.97899236875,4
1197,3,6,4,5,4,3,38157.4618109572,5
2551,3,6,2,6,3,7,31162.195720122945,4
2554,3,5,2,6,4,5,32336.442462496325,7
1823,3,5,3,6,4,7,19909.16950006084,6
1289,3,7,3,7,3,4,28033.41094676133,5
1251,4,7,2,5,2,7,33504.20308529665,5
64,3,7,2,6,3,4,41765.75789269325,7
606,3,5,2,6,3,5,33935.197833674145,7
1504,4,5,2,7,4,4,32975.52521257981,5
1543,4,7,2,5,2,3,18604.22482668921,5
898,3,7,4,6,2,3,26688.58877968403,6
1630,3,6,2,7,2,6,33876.78548142325,4
1483,4,7,3,7,3,3,31279.290711741545,4
1573,4,5,3,7,4,7,33973.38559907609,7
1096,4,6,4,7,4,3,32081.13619596239,7
1401,4,5,3,7,3,7,26435.4367880471,7
2697,3,6,3,7,3,7,29407.043470799552,7
2077,4,5,3,6,4,6,9589.885663951092,7
2610,3,7,3,5,2,3,24150.346141837806,7
1734,4,7,2,7,3,6,32242.979342548602,6
234,3,6,3,7,3,6,27231.916812441363,7
1268,4,7,4,7,2,7,41304.89726606522,4
2743,4,7,4,5,2,3,32786.785657531174,7
2781,3,6,2,5,4,7,31053.043453398877,6
2422,3,5,2,7,4,5,26319.18128512551,7
1756,3,6,4,7,3,6,27010.276863163162,6
2919,4,7,4,5,2,6,39912.87310676758,6
1063,3,5,3,7,2,5,26979.52534865013,4
1693,4,7,3,6,4,3,25808.541027224182,6
1942,4,6,2,7,2,6,25599.463883478922,7
1793,4,5,3,5,2,4,29137.767956168824,7
714,3,7,4,5,2,4,40762.81827732393,7
2130,4,5,4,5,4,3,20703.864870403944,4
1423,3,6,2,5,2,6,18181.700206723457,6
2834,3,7,3,7,4,4,30114.573210906477,4
2426,3,5,4,5,4,5,28735.249343795946,5
1761,3,6,4,5,3,5,23162.523566521784,6
488,4,6,3,5,3,6,30230.08322384537,7
881,3,6,4,6,2,6,28371.722347449548,5
1445,3,5,2,7,2,4,28927.376983714308,6
3039,4,5,3,5,4,6,17679.188157982775,7
2094,3,5,2,7,4,6,26066.698559600885,5
125,3,7,4,7,4,3,33104.21352167775,5
616,3,6,4,6,3,3,22606.438208260453,7
1623,4,5,2,7,4,7,27814.207582452556,4
641,3,5,2,6,4,5,34816.11234614841,5
2216,4,5,4,7,3,6,18927.646821849226,6
1068,4,5,3,6,2,7,29049.869515075658,6
762,4,7,3,7,3,3,33136.73397509041,6
752,3,5,3,5,4,6,29269.085551474658,7
2195,4,7,4,7,3,7,23466.636095387632,6
2522,3,6,3,6,4,5,31748.771992237056,7
1884,4,7,2,5,4,7,43172.15662398111,4
219,3,6,3,5,4,5,31120.65475749262,7
613,3,6,2,6,4,5,32590.666222082324,4
690,4,7,4,7,3,7,39358.560236975834,7
798,3,5,4,5,3,6,35272.862019756554,5
2457,4,5,4,7,3,7,30153.16706321069,4
1570,4,7,4,5,2,4,20663.011485031137,7
2684,4,5,4,6,2,4,30006.66075810624,7
1381,4,6,3,6,4,3,25075.72679914644,5
2018,3,6,3,5,2,7,23199.602067201973,6
355,4,7,4,7,4,6,33108.80081463841,6
1377,4,5,3,7,4,5,22052.455706087923,5
1974,3,6,2,7,4,6,22533.643927132514,7
928,3,6,3,6,4,4,29452.949193943845,5
2121,3,6,3,6,4,4,36503.818435297166,6
2536,4,6,2,7,2,4,31681.058637143768,4
998,3,7,4,5,3,5,31435.761501087203,5
2776,4,5,4,5,2,4,20710.72895747419,6
1324,3,6,3,5,2,4,32391.63276343394,7
1645,4,6,3,7,4,7,36176.92475897317,6
1015,4,5,2,5,3,7,38403.57463360423,5
1794,4,6,4,7,4,4,16244.29340629599,6
1642,4,6,2,7,2,4,25468.037015391412,6
2833,4,7,3,5,3,7,39515.61808502143,6
2196,4,5,2,6,3,7,27680.159731064694,5
386,3,6,4,7,4,5,29815.65033726601,7
445,4,6,2,7,4,7,35453.088460908715,4
1612,4,5,3,6,3,5,31556.690343367227,6
700,4,6,3,7,3,7,27721.7704334284,7
594,4,6,3,7,2,5,33538.744716734036,6
2879,4,7,2,7,2,5,34729.18578163967,4
1759,3,7,3,5,3,4,29432.6779876574,7
591,4,7,2,6,3,4,28252.96586135567,4
1163,3,6,4,6,4,6,24982.971329544765,4
2254,4,6,2,6,4,4,30548.557035029324,7
2468,3,7,3,5,3,6,33606.68879372535,6
251,3,6,4,7,3,3,24546.72870868611,7
1360,4,7,3,6,2,6,26640.895574085724,5
1616,3,5,3,7,3,6,33592.86622103963,5
973,4,6,3,7,4,6,42091.28045467194,6
2988,3,7,4,7,3,5,36281.17479329891,4
2620,4,5,3,5,3,5,29017.997662952286,6
470,3,6,2,6,2,7,25114.79776784195,7
1854,4,6,3,6,3,6,31666.77367589021,6
2838,4,6,3,7,4,7,19490.57554749322,5
1368,4,5,2,5,4,6,35698.491583077455,4
2893,3,6,4,6,4,4,33869.822945628395,6
2549,3,6,3,7,3,4,30330.11188269651,6
2101,4,5,3,7,4,6,33970.238098030335,6
1473,3,5,4,7,2,4,21757.796937317522,6
2576,4,5,4,5,4,6,36384.187936327646,5
609,3,6,2,7,2,5,33469.8589489373,5
1986,4,5,4,5,3,7,27166.49876695602,5
698,4,5,2,7,4,3,26713.08908404318,6
1574,4,6,3,6,2,5,26216.794901057743,4
2791,4,7,2,7,3,7,25751.96078998143,5
1844,3,5,3,6,4,6,29808.34924731845,6
2629,3,6,4,5,3,4,30625.6398319395,5
1661,4,5,3,6,3,4,25313.65686084758,4
205,3,6,2,6,3,5,37717.71205917477,4
972,4,6,2,5,4,7,27315.544918934906,5
3033,3,5,2,7,3,7,28130.478613380514,5
384,4,6,3,5,4,4,29651.418875789524,7
1276,3,7,2,5,2,4,27792.21035895894,5
1383,3,5,2,6,4,3,28804.842310373828,6
1626,4,5,2,5,4,5,28545.569287033584,5
2300,4,6,3,5,4,3,33804.859128403725,6
1929,3,6,2,6,2,3,37324.565127683316,4
1946,3,5,2,5,4,5,36976.263290485906,7
614,3,6,2,7,2,5,32295.829518185765,5
825,4,6,3,7,2,5,37414.34470469096,7
1853,4,5,2,7,4,3,24107.092073855023,5
56,4,5,3,6,4,4,35279.156508889355,4
1140,3,5,4,6,2,7,29844.832512067896,7
2582,4,6,4,7,3,3,27484.949459967444,6
2030,3,6,4,5,4,7,34012.85817658299,5
373,3,6,4,6,2,7,31490.771584118505,4
2875,3,6,4,5,3,6,47902.74684137557,5
2380,3,5,4,5,4,7,34633.862536109955,4
253,3,7,3,7,3,7,31445.893137518717,7
406,3,5,4,5,4,3,34883.53091844859,5
2560,3,5,3,6,3,6,30126.05244634937,5
2603,3,6,2,7,2,4,34044.858764098106,7
2771,4,6,4,5,4,5,30095.630717533193,7
2466,3,6,2,5,2,4,29577.643549308654,4
1738,3,6,4,5,3,6,36623.58517047398,7
1357,3,7,3,5,2,5,31548.363325865237,4
480,4,7,3,7,4,5,32338.40359003782,7
1890,3,7,4,6,2,6,32505.64904655234,4
1547,4,7,3,6,2,5,26459.931789461018,7
87,4,5,3,7,4,6,34417.516896926085,4
3016,4,6,4,7,2,5,28920.457574275584,6
2843,4,5,4,5,2,7,28783.463732726734,7
1195,4,7,3,6,4,7,33157.966477683876,4
660,4,7,4,5,4,5,33727.901169058714,7
939,3,7,3,5,3,6,29651.741261527415,5
2616,3,6,3,7,3,3,29252.33282978725,5
3013,4,7,2,6,3,7,30287.984010391465,7
794,4,7,3,7,4,7,26261.52215573298,6
177,4,7,3,5,4,3,24460.777057647734,4
481,3,6,2,5,2,7,25044.98516232742,4
191,4,5,2,5,4,6,30510.905759350488,6
1897,4,6,3,6,3,5,25407.770697721786,7
1956,3,5,2,6,2,4,28708.01536287852,6
1091,4,6,3,7,2,4,31053.587183728807,7
2876,4,5,2,7,4,3,21094.613315930004,5
2802,3,6,4,6,2,3,28043.901331382112,5
437,3,5,4,6,4,6,37403.63519036629,6
1863,3,6,2,5,3,5,21543.03888304273,6
812,3,6,2,5,3,7,33816.66606792805,5
1207,4,6,2,6,3,7,28985.31918291907,6
466,3,6,4,5,4,3,29660.17395198903,5
413,3,5,3,5,3,3,32032.617268606904,6
510,3,5,3,5,4,3,36110.088754340984,5
2537,4,7,4,5,3,7,27405.60632100206,6
2525,3,5,3,7,2,6,28268.139325311422,4
2339,4,7,3,6,4,6,19300.41574338237,5
3003,3,7,2,5,2,6,29036.95880477758,6
2064,4,6,2,6,4,3,35500.504745630096,5
2208,4,5,3,5,2,4,30866.207285598073,5
2285,4,6,3,6,3,3,23015.1263801209,5
1442,3,5,3,5,2,7,31124.438790284672,7
2506,3,7,4,7,2,7,24610.989600078934,6
387,3,7,3,6,4,4,36149.8472781688,4
2956,4,6,2,7,4,7,27509.341388770757,6
395,3,7,2,5,4,3,34551.48433555476,6
2722,4,5,4,7,2,7,31641.669795697268,6
2429,4,7,4,6,3,7,35609.63196306212,7
1248,4,5,4,6,2,6,21626.80299973645,4
615,4,7,3,5,3,5,28740.15505561591,5
2850,4,6,2,5,4,4,28686.90686550455,5
2523,3,6,3,7,3,6,27434.633842089268,4
2752,4,5,4,7,2,4,35027.429969896926,5
2423,3,7,4,7,4,6,25633.303628638576,6
1300,4,7,3,6,2,7,31519.1221453375,5
2400,4,6,3,7,3,4,28649.452571859165,4
2434,3,5,2,6,2,7,31540.783119135995,4
144,3,6,3,7,2,4,29787.777228056806,6
2171,4,5,4,5,3,7,26343.745822491772,6
1069,4,5,3,7,4,7,28661.04057844592,4
51,3,7,2,7,4,7,22566.253608444276,6
2635,3,5,2,7,4,6,20076.13811599366,7
952,3,5,4,7,3,7,27506.79207514727,4
728,3,6,4,5,3,6,33208.98887218608,4
2463,3,5,4,5,3,5,24556.67191973584,6
2333,3,7,2,6,2,5,25678.16522893296,5
2648,4,5,3,5,2,5,35525.57647038863,7
1815,3,6,4,5,4,5,29828.51678574814,5
1772,4,7,3,6,2,7,35429.81112833857,7
176,4,7,2,6,3,7,33691.68255656698,6
2895,3,7,4,6,4,7,25819.712431683816,5
1430,3,5,2,6,4,7,39125.067392356286,7
2571,3,7,4,7,3,7,28699.97427278973,7
1751,4,6,4,5,3,6,26110.277493789832,5
1662,3,6,3,6,2,5,32983.418937607654,6
1083,3,7,4,6,2,4,37122.35009770271,5
1754,4,7,3,6,3,3,31388.37435000505,6
2392,3,7,3,7,3,6,35585.29996900779,6
1027,3,5,3,5,4,3,31191.681143302423,7
1151,3,6,3,6,2,3,34170.46471482573,4
2325,3,5,4,6,4,3,29719.155972918477,6
2529,3,7,2,6,4,6,26099.238642418117,4
82,3,7,2,7,2,7,32852.989187188745,6
2617,4,6,2,7,2,6,29520.725928893437,6
2134,3,7,3,7,2,7,41633.64821993724,4
1149,4,6,4,5,3,3,37643.67395714476,4
1061,3,5,3,7,4,6,36367.93860847133,6
802,4,6,4,5,4,4,30051.3380934969,6
666,3,5,4,6,2,7,24036.330868638826,7
238,4,6,2,6,4,7,22933.289836831653,6
649,4,6,2,6,3,5,27062.065899895817,7
157,3,7,4,5,3,3,33090.705492764,4
1846,4,5,4,6,4,3,36858.35906983273,6
896,4,6,2,6,2,7,39381.921892107,7
2708,4,7,2,5,2,3,22869.77396388161,4
531,4,5,2,7,4,7,34269.61277146365,5
2544,4,5,2,7,4,6,29213.028843988955,7
1530,3,6,3,7,2,3,23961.998510854435,5
2083,3,6,3,6,3,5,24227.811228463954,5
412,4,5,3,6,3,5,30277.590531762507,4
2548,3,5,2,5,4,4,31451.855115336744,7
2026,4,7,4,7,3,5,34544.604727234684,5
2997,4,7,3,6,2,7,27827.93747686743,7
1340,4,5,2,5,4,6,31260.26971257409,6
1323,3,7,2,7,4,7,35941.90686357846,7
44,3,7,4,7,4,5,38007.75938536438,4
2425,4,5,2,5,4,7,32629.519144096303,7
786,3,6,4,5,3,4,24806.73336388959,6
2729,4,5,2,7,3,6,24365.90302485053,7
2832,3,5,4,6,3,4,35182.594724992225,4
1260,3,7,3,6,4,7,28430.717438337433,5
1571,4,5,3,5,3,7,34585.43207852244,4
1867,3,7,4,7,2,7,22680.50319597852,6
2382,3,6,4,7,2,5,25878.073192778036,5
1141,3,7,2,7,4,4,32604.61031121267,6
1828,3,6,2,6,3,3,29820.076364758745,4
1627,3,6,3,5,4,6,24363.629450675224,4
2599,3,5,3,6,3,7,35698.598661829696,7
287,4,6,2,7,2,5,29177.695324900324,5
2472,3,6,3,7,4,7,26600.512933524275,7
1010,3,6,2,5,2,5,36609.47006282336,5
1945,3,5,4,6,3,4,23742.9797296164,4
2209,3,5,4,6,2,7,28999.616879300687,4
2531,3,7,3,7,3,6,33365.79185293551,4
1439,4,6,4,5,3,5,30075.503034354177,7
1223,4,6,4,7,4,5,38155.953197999916,7
71,4,6,2,7,2,3,28836.40690248805,5
1298,3,6,3,6,2,6,35164.378731869714,7
320,3,6,2,6,2,3,27117.52730044716,7
2778,4,5,4,6,2,4,27086.78957923078,4
2082,3,7,2,5,3,3,31385.787726027567,6
705,4,6,3,5,2,6,28864.829550093556,5
1359,4,6,3,6,2,5,32411.941737516867,6
764,3,5,3,5,4,5,29304.967253591538,7
2904,3,5,3,6,4,6,22344.64470272226,7
